2.018090e+13, -24.9082, -38.8285,   0.8654,   0.2820,   0.3385,   0.1856
2.018090e+13, -21.6025, -32.2522,   4.8547,   0.7413,   1.4842,  -0.2434
2.018090e+13, -17.1955, -25.3904,   8.4197,   1.0347,   0.6986,  -0.4020
2.018090e+13, -14.2255, -21.5018,   9.8182,   0.8911,   0.2820,  -0.6045
2.018090e+13,  -9.8272, -18.2855,  10.6375,   1.0406,   1.0853,  -0.4168
2.018090e+13,  -5.9339, -16.6310,  11.7585,   1.1036,   0.9379,  -0.4070
2.018090e+13,  -4.5329, -15.9011,  12.8032,   1.2127,   0.6252,  -0.7591
2.018090e+13,  -2.8927, -14.8282,  13.8630,   0.9853,   0.7056,  -0.3276
2.018090e+13,  -2.4543, -14.0071,  14.9893,   0.8782,   0.8886,  -0.3305
2.018090e+13,  -0.6466, -12.3599,  15.0347,   0.6709,   1.1889,  -0.2807
2.018090e+13,   2.8164, -11.4585,  15.4661,   1.1738,   0.5413,  -0.5682
2.018090e+13,   3.6239, -11.5267,  16.5624,   1.1402,   0.8997,  -0.1542
2.018090e+13,   6.1653, -10.4463,  17.1814,   1.2877,   0.7125,  -0.5758
2.018090e+13,   7.6396, -10.3783,  18.6074,   1.3040,   0.3758,  -0.8927
2.018090e+13,   7.9708,  -9.6304,  19.4613,   1.1730,   0.6496,  -0.6062
2.018090e+13,   9.5980,  -9.5713,  20.3954,   1.0687,   0.5400,  -0.8977
2.018090e+13,  10.3817,  -9.8983,  20.7903,   0.8181,   0.8317,  -0.2397
2.018090e+13,  11.6131, -10.6314,  21.9117,   0.9977,   0.6254,  -0.4812
2.018090e+13,  13.9742,  -9.9400,  21.5312,   0.8773,   0.7822,  -0.4099
2.018090e+13,  14.4391,  -9.8452,  22.0280,   0.8432,   0.4074,  -0.4948
2.018090e+13,  15.2535, -10.1961,  22.9945,   0.9947,   0.9667,  -0.2848
2.018090e+13,  15.7519, -10.9050,  24.9057,   0.9689,   1.1928,  -0.2934
2.018090e+13,  17.3148, -10.6430,  26.2098,   1.0268,   0.4826,  -0.6635
2.018090e+13,  18.5075, -11.1521,  25.9064,   0.9869,   1.1692,  -0.3145
2.018090e+13,  18.7301, -12.1615,  26.8957,   0.7926,   0.1323,  -0.7906
2.018090e+13,  18.4639, -11.7941,  27.8247,   0.9097,   0.9950,   0.0223
2.018090e+13,  21.6868, -12.1542,  28.3859,   1.0603,   1.1281,  -0.2421
2.018090e+13,  22.5330, -12.4956,  29.4503,   1.0697,   0.8703,  -0.4386
2.018090e+13,  23.1474, -12.8009,  30.6036,   1.1081,   0.4116,  -0.7301
2.018090e+13,  23.9447, -14.0120,  32.0717,   1.1598,   0.8255,  -0.3387
2.018090e+13,  24.1674, -14.3301,  33.8437,   0.9835,   0.8576,  -0.4138
2.018090e+13,  26.3138, -14.6094,  34.6126,   0.9819,   1.0873,  -0.3604
2.018090e+13,  27.7323, -14.7740,  34.9614,   0.9509,   0.7770,  -0.5093
2.018090e+13,  28.7653, -15.7643,  35.4194,   1.1817,   0.2282,  -0.5257
2.018090e+13,  28.8640, -16.0760,  36.5330,   0.9154,   1.2521,   0.0145
2.018090e+13,  31.6607, -15.3664,  37.0072,   1.2419,   1.3380,   0.0617
2.018090e+13,  32.1643, -15.1418,  38.5837,   1.0291,   0.3593,  -0.5757
2.018090e+13,  33.8927, -15.7163,  39.5017,   1.1571,   0.5465,  -0.7924
2.018090e+13,  34.6224, -16.3473,  40.1024,   0.7823,   0.9918,   0.1569
2.018090e+13,  36.0030, -16.1515,  40.7007,   0.9311,   0.9574,  -0.5397
2.018090e+13,  36.8552, -16.1940,  41.8394,   0.8490,   0.9076,  -0.5362
2.018090e+13,  38.8161, -17.0448,  42.8359,   0.7465,   0.5148,  -0.4914
2.018090e+13,  39.6044, -17.6648,  42.8087,   0.8854,   0.9349,  -0.4335
2.018090e+13,  40.3634, -18.0840,  43.9590,   1.1179,   0.7236,  -0.5493
2.018090e+13,  41.5350, -18.8959,  44.3997,   1.0492,   1.0523,  -0.2836
2.018090e+13,  42.4710, -18.9876,  45.5829,   1.1525,   1.0247,  -0.3631
2.018090e+13,  43.2223, -19.7634,  46.7050,   1.1073,   0.9839,  -0.3072
2.018090e+13,  43.1165, -19.4815,  48.2647,   1.3116,   0.6630,  -0.6025
2.018090e+13,  44.3691, -19.2492,  49.1202,   0.8774,   1.0487,  -0.1500
2.018090e+13,  45.3191, -19.9311,  50.2222,   0.9153,   0.6582,  -0.3665
2.018090e+13,  46.2235, -20.5566,  50.8910,   1.1052,   1.1092,  -0.4304
2.018090e+13,  46.6213, -21.0889,  52.3185,   0.6773,   1.1913,   0.0443
2.018090e+13,  47.3700, -21.4607,  52.9751,   0.9904,   0.8792,  -0.3030
2.018090e+13,  47.9677, -22.5836,  54.3424,   1.2650,   0.8365,  -0.8944
2.018090e+13,  48.2565, -23.1639,  55.6175,   1.1089,   0.8474,  -0.6464
2.018090e+13,  50.6445, -23.4623,  56.0680,   1.0494,   0.5800,  -0.6524
2.018090e+13,  52.0354, -23.9473,  56.7805,   0.9822,   0.7579,  -0.5768
2.018090e+13,  51.9549, -23.7006,  58.4992,   0.8365,   0.7818,  -0.2560
2.018090e+13,  53.4570, -23.7053,  59.6651,   0.6652,   1.1730,   0.1777
2.018090e+13,  54.9587, -23.3191,  60.3796,   1.0834,   1.2152,  -0.1911
2.018090e+13,  54.6453, -23.6878,  62.5254,   0.8432,   0.6784,  -0.2261
2.018090e+13,  54.4437, -24.1752,  63.6056,   1.4767,   0.0645,  -0.9301
2.018090e+13,  55.3793, -25.1659,  65.4617,   1.3134,   0.4780,  -0.9387
2.018090e+13,  55.7414, -25.7817,  66.8022,   1.1693,   0.8880,  -0.7035
2.018090e+13,  56.3933, -26.4747,  68.3340,   1.2772,   0.9426,  -0.5361
2.018090e+13,  57.2651, -26.7048,  69.4471,   1.0368,   0.5452,  -0.7007
2.018090e+13,  57.7918, -27.7829,  70.1355,   1.0204,   0.6937,  -0.5009
2.018090e+13,  58.6823, -28.7766,  71.0105,   1.1332,   0.9268,  -0.2762
2.018090e+13,  59.8839, -29.6927,  72.1643,   1.0606,   1.2352,   0.0140
2.018090e+13,  61.2424, -29.5939,  74.0304,   1.1729,   0.7569,  -0.4589
2.018090e+13,  63.0812, -29.7956,  74.5278,   0.9221,   1.0806,  -0.3002
2.018090e+13,  65.9382, -29.4578,  75.0555,   0.4277,   1.4281,   0.2247
2.018090e+13,  66.0581, -29.3555,  76.5724,   1.5181,  -0.1935,  -1.1015
2.018090e+13,  65.7627, -30.6741,  76.9048,   1.1754,   0.5355,  -0.7865
2.018090e+13,  67.5503, -31.4324,  78.0048,   0.6251,   0.8226,  -0.2571
2.018090e+13,  68.2804, -31.6117,  78.2991,   0.9338,   0.9405,  -0.4589
2.018090e+13,  69.2780, -31.5362,  79.3110,   1.1057,   0.5486,  -0.6242
2.018090e+13,  69.8639, -31.8757,  79.6926,   0.2013,   1.6049,   0.5822
2.018090e+13,  70.1893, -31.6697,  81.2144,   1.1236,   0.8073,  -0.7288
2.018090e+13,  70.7906, -32.5186,  82.4048,   1.2835,   1.0882,  -0.6614
2.018090e+13,  71.8366, -32.4276,  83.8495,   0.7510,   1.6701,   0.4734
2.018090e+13,  71.7686, -33.0911,  85.0615,   1.0796,   0.8714,  -0.5277
2.018090e+13,  72.9209, -34.4943,  86.2292,   1.1283,   0.6347,  -0.6507
2.018090e+13,  74.9721, -34.8326,  87.3032,   0.6745,   1.5326,   0.2065
2.018090e+13,  76.4125, -34.3847,  88.7211,   0.9292,   0.9569,  -0.0730
2.018090e+13,  76.6826, -34.5276,  90.0599,   1.5970,   0.3620,  -0.9671
2.018090e+13,  77.6257, -35.2178,  91.4616,   1.3801,   0.6026,  -0.8136
2.018090e+13,  78.8006, -35.4852,  92.2748,   0.8679,   1.1439,  -0.0793
2.018090e+13,  79.6947, -35.0981,  93.3569,   0.8098,   1.0452,  -0.0323
2.018090e+13,  80.8946, -35.4846,  94.5493,   0.9737,   1.0798,  -0.2046
2.018090e+13,  82.3184, -36.0353,  94.7947,   0.9140,   1.0726,  -0.1205
2.018090e+13,  83.1074, -35.4335,  95.5406,   0.4246,   1.8794,  -0.0310
2.018090e+13,  84.1192, -35.4862,  96.6751,   1.1163,   0.8915,  -0.4395
2.018090e+13,  86.0502, -36.3472,  97.2560,   0.8264,   1.3298,  -0.0452
2.018090e+13,  86.9582, -36.1646,  98.2515,   0.7469,   1.4592,  -0.1455
2.018090e+13,  89.0483, -36.1277,  98.9695,   0.8413,   1.0139,  -0.2436
2.018090e+13,  90.2184, -36.6995,  99.9248,   0.8726,   0.8609,  -0.5939
2.018090e+13,  90.6886, -36.6482, 100.1408,   0.5755,   1.6347,  -0.3245
2.018090e+13,  93.1285, -37.8928, 100.7316,   0.8991,   0.5668,  -0.4246
2.018090e+13,  92.2123, -38.8578, 102.3358,   1.9757,  -0.4574,  -1.8562
2.018090e+13,  91.4219, -39.1247, 104.5904,   1.3256,   0.9917,  -0.4567
2.018090e+13,  92.3627, -39.0045, 105.7605,   0.9207,   1.1984,   0.4229
2.018090e+13,  94.4885, -39.6523, 106.6008,   0.9492,   0.7766,  -0.4188
2.018090e+13,  94.5843, -40.7973, 107.6144,   1.2939,   0.3185,  -0.7694
2.018090e+13,  94.7585, -40.4712, 108.0882,   0.3728,   1.6018,   0.3700
2.018090e+13,  97.1101, -40.6887, 108.9534,   1.2847,   0.9549,  -0.8034
2.018090e+13,  98.5890, -40.3685, 110.5885,   1.0538,   1.1604,  -0.3141
2.018090e+13, 100.3387, -40.8050, 111.2049,   1.2125,   0.6987,  -0.7384
2.018090e+13, 101.1013, -41.8060, 112.6435,   1.2385,   0.7181,  -0.6984
2.018090e+13, 101.9085, -42.3048, 113.8719,   1.1278,   0.1863,  -0.7661
2.018090e+13, 100.8285, -41.9744, 115.3911,   0.6709,   1.5497,   0.2280
2.018090e+13, 102.0790, -42.1864, 116.9178,   0.9722,   1.1724,   0.2493
2.018090e+13, 101.4815, -42.0333, 118.6610,   1.4197,   0.1127,  -0.8493
2.018090e+13, 102.1979, -42.8683, 119.1200,   0.4004,   2.2422,  -0.0168
2.018090e+13, 104.1752, -44.3333, 119.5049,   1.0153,   1.2492,  -0.4445
2.018090e+13, 107.3840, -44.7195, 120.3141,   0.7415,   1.3254,  -0.1313
2.018090e+13, 108.5223, -45.8016, 121.1844,   1.1745,   0.1148,  -0.8928
2.018090e+13, 109.2648, -46.3291, 122.3756,   0.8518,  -0.5893,  -1.2239
2.018090e+13, 109.4114, -47.1737, 123.2218,   0.9392,  -0.4476,  -0.9605
2.018090e+13, 109.8772, -47.6513, 124.0913,   0.4550,   0.0451,  -0.3323
2.018090e+13, 109.9484, -48.3240, 124.6121,   0.5833,   0.3717,  -0.6173
2.018090e+13, 110.6510, -49.1084, 125.3337,   1.1538,   1.0666,  -0.4780
2.018090e+13, 111.4643, -50.5567, 126.3223,   1.2473,   1.0823,  -0.1228
2.018090e+13, 111.5922, -50.8402, 128.1576,   1.2028,   0.7920,  -0.4332
2.018090e+13, 112.8826, -51.8103, 129.1364,   0.9344,   0.2694,  -0.6239
2.018090e+13, 112.5672, -52.7518, 130.6419,   1.1249,   0.6074,  -0.3186
2.018090e+13, 113.3307, -52.9599, 131.7977,   0.9918,   0.6849,  -0.6603
2.018090e+13, 114.7679, -54.1884, 132.5446,   0.4795,   1.3206,   0.3332
2.018090e+13, 117.4801, -53.7267, 132.9799,   0.5463,   1.7012,   0.0527
2.018090e+13, 117.5847, -53.5944, 133.8032,   1.3885,   0.4832,  -0.8482
2.018090e+13, 118.0430, -54.4183, 135.7043,   0.9699,   1.0016,  -0.6711
2.018090e+13, 119.1918, -55.3723, 136.6293,   1.2653,   0.7435,  -0.5832
2.018090e+13, 119.8511, -56.5747, 137.8186,   0.8914,   0.9524,  -0.4599
2.018090e+13, 120.8348, -56.8062, 139.0609,   0.9659,   0.9106,  -0.3820
2.018090e+13, 120.6613, -57.2627, 140.0129,   0.9413,   1.0626,   0.0661
2.018090e+13, 123.1937, -56.4055, 141.2157,   0.8442,   1.9576,   0.6908
2.018090e+13, 123.2762, -56.3986, 142.9138,   1.3099,   0.6831,  -0.6273
2.018090e+13, 124.5699, -57.7402, 143.8353,   1.3410,   0.9159,  -0.7092
2.018090e+13, 124.7106, -58.7286, 145.2251,   1.1931,   0.7834,  -0.6038
2.018090e+13, 124.2046, -59.5075, 147.3689,   1.0777,   0.7792,  -0.2701
2.018090e+13, 125.0187, -60.2790, 147.8024,   1.1805,   0.7567,  -0.6141
2.018090e+13, 126.2423, -61.1596, 149.3141,   1.3079,   1.1488,  -0.2653
2.018090e+13, 127.7006, -61.4833, 149.5524,   0.9366,   0.8613,  -0.4432
2.018090e+13, 127.3508, -62.0145, 151.0640,   1.5289,  -0.3154,  -1.0957
2.018090e+13, 129.0919, -62.5542, 151.6329,   0.5087,   1.8820,   0.0254
2.018090e+13, 131.7151, -62.9951, 151.8097,   0.7598,   1.7623,   0.2545
2.018090e+13, 132.2965, -62.9419, 153.0249,   1.0206,   0.2667,  -0.6327
2.018090e+13, 133.4359, -63.4919, 153.6947,   0.4963,   1.3319,  -0.4877
2.018090e+13, 134.3299, -63.3617, 154.4350,   1.0710,   1.1497,  -0.1554
2.018090e+13, 136.2776, -63.7756, 155.0818,   0.9458,   1.4747,   0.2304
2.018090e+13, 137.3382, -63.3685, 156.3033,   0.7225,   1.0596,  -0.2296
2.018090e+13, 138.1553, -63.0806, 157.1671,   1.0545,   0.6699,  -0.4670
2.018090e+13, 138.8448, -62.7603, 158.9985,   0.7499,   1.2948,  -0.0769
2.018090e+13, 140.2930, -63.5571, 159.3264,   0.8327,   1.2604,   0.0765
2.018090e+13, 140.4056, -63.5710, 160.5414,   0.9503,   1.2152,  -0.1764
2.018090e+13, 142.2573, -64.1502, 161.9191,   1.1795,   1.1729,  -0.1550
2.018090e+13, 142.1927, -64.2255, 163.7525,   1.4404,   0.5803,  -0.4978
2.018090e+13, 143.6215, -65.7940, 164.3383,   1.3042,   0.7613,  -0.4155
2.018090e+13, 144.9246, -66.2405, 164.8864,   1.0954,   0.3936,  -0.5930
2.018090e+13, 145.7402, -67.2614, 165.6198,   0.8345,   1.6986,  -0.2011
2.018090e+13, 147.7888, -67.6390, 166.4138,   0.7164,   1.3641,   0.1928
2.018090e+13, 148.8863, -67.2345, 167.3095,   0.8517,   1.3093,   0.0376
2.018090e+13, 148.4696, -67.3507, 168.2608,   0.9086,   0.7643,  -0.7176
2.018090e+13, 148.3779, -68.2755, 169.8571,   0.8277,   1.0191,  -0.5859
2.018090e+13, 148.7516, -68.0551, 171.5749,   0.9205,   1.3044,  -0.3489
2.018090e+13, 150.2518, -68.6806, 172.4923,   1.2742,   0.6244,  -0.5829
2.018090e+13, 151.0621, -68.9340, 173.7729,   0.6572,   1.4289,   0.3687
2.018090e+13, 152.1221, -70.0687, 174.8217,   0.9366,   0.7585,  -0.6562
2.018090e+13, 152.8440, -70.4960, 176.2653,   0.8209,   0.7499,  -0.5573
2.018090e+13, 153.5295, -71.4275, 176.9472,   0.7524,   1.2558,  -0.2469
2.018090e+13, 154.5845, -72.0655, 177.9885,   0.8118,   0.9957,  -0.3336
2.018090e+13, 156.0879, -72.5898, 178.3830,   1.0506,   1.2432,  -0.2215
2.018090e+13, 156.4920, -72.8974, 179.4383,   1.2302,   0.9992,  -0.5154
2.018090e+13, 157.1367, -73.6164, 181.1029,   1.1928,   0.8804,  -0.3978
2.018090e+13, 159.3633, -74.9766, 181.4686,   1.2246,   0.9117,  -0.6094
2.018090e+13, 159.7901, -74.4287, 183.1089,   1.0480,   1.0426,  -0.3081
2.018090e+13, 160.7428, -75.1598, 184.4598,   0.9247,   0.8156,  -0.4788
2.018090e+13, 160.8155, -75.9024, 185.8128,   0.9533,   0.6926,  -0.4274
2.018090e+13, 160.4803, -75.6991, 186.7032,   0.8882,   0.6770,  -0.3525
2.018090e+13, 161.3403, -75.9880, 187.8820,   0.6997,   1.1854,  -0.1480
2.018090e+13, 162.8754, -76.2658, 188.5479,   0.8379,   1.5922,  -0.2613
2.018090e+13, 164.7931, -76.0843, 188.9831,   0.9237,   1.2869,  -0.0694
2.018090e+13, 166.7839, -76.3548, 189.7339,   1.1958,   0.8107,  -0.4632
2.018090e+13, 166.8733, -77.1640, 191.0939,   0.9956,   0.6982,  -0.7532
2.018090e+13, 167.8105, -78.4218, 192.0092,   1.1350,   0.8133,  -0.6242
2.018090e+13, 168.7881, -78.9689, 193.0320,   1.0185,   1.0308,  -0.6277
2.018090e+13, 168.6475, -79.0843, 194.3440,   0.8916,   0.5946,  -0.4662
2.018090e+13, 170.6398, -79.9854, 195.0333,   0.8883,   1.6360,  -0.0819
2.018090e+13, 171.6766, -80.0499, 195.0474,   0.8806,   0.8625,  -0.4035
2.018090e+13, 172.9062, -80.6193, 196.6566,   1.0132,   1.3082,  -0.2324
2.018090e+13, 174.7209, -80.3062, 197.0889,   1.0403,   1.4947,  -0.2170
2.018090e+13, 175.1459, -80.4996, 198.4285,   1.3573,   0.8906,  -0.3412
2.018090e+13, 175.5019, -80.7953, 200.3766,   1.2622,   1.2173,  -0.1940
2.018090e+13, 176.4591, -81.8302, 201.6674,   1.2912,   0.2688,  -1.0036
2.018090e+13, 176.5712, -82.3954, 203.6930,   1.0800,   1.1067,  -0.3861
2.018090e+13, 177.4103, -83.5362, 204.6020,   0.9370,   1.4111,  -0.1633
2.018090e+13, 178.5690, -83.1620, 205.3215,   0.8318,   0.4693,  -0.2836
2.018090e+13, 178.7208, -83.9239, 206.0671,   0.8450,   0.5797,  -0.7263
2.018090e+13, 179.6009, -84.5462, 207.3339,   0.9656,   0.9719,  -0.3043
2.018090e+13, 179.9585, -84.5281, 208.5823,   0.7214,   1.3820,   0.1175
2.018090e+13, 183.3367, -85.6167, 208.7365,   1.1708,   0.8125,  -0.9025
2.018090e+13, 183.1301, -86.2827, 209.8366,   1.3090,   0.3433,  -0.6146
2.018090e+13, 182.8813, -86.7870, 210.9532,   0.9534,   1.2438,  -0.3698
2.018090e+13, 185.5827, -86.7139, 211.9629,   0.9049,   1.0697,  -0.2842
2.018090e+13, 185.5446, -87.1141, 213.3469,   1.1073,   0.6168,  -0.6128
2.018090e+13, 184.8068, -86.5229, 215.3172,   0.8335,   1.1750,  -0.0466
2.018090e+13, 186.3490, -86.2722, 215.8042,   0.6497,   1.7907,   0.2708
2.018090e+13, 186.2225, -85.6745, 217.3412,   1.1413,   0.5175,  -0.3735
2.018090e+13, 187.1396, -86.8782, 218.3626,   1.1266,   1.0400,  -0.4678
2.018090e+13, 189.1079, -87.0586, 219.4258,   0.9109,   1.7562,   0.0338
2.018090e+13, 190.7843, -88.2289, 219.8696,   1.3808,   0.4786,  -0.6960
2.018090e+13, 189.8186, -88.1526, 221.2787,   0.9752,   0.8429,  -0.3817
2.018090e+13, 191.3761, -89.7850, 222.2311,   1.3558,   0.5524,  -0.5990
2.018090e+13, 191.4855, -90.4579, 223.7716,   1.0830,   1.1433,  -0.3438
2.018090e+13, 193.4511, -91.3261, 224.6486,   0.8954,   0.8898,  -0.3646
2.018090e+13, 195.2692, -91.3119, 225.4503,   1.0192,   0.6909,  -0.4693
2.018090e+13, 195.9298, -91.4924, 227.0855,   1.0227,   1.1399,  -0.3423
2.018090e+13, 197.8881, -91.8654, 227.2708,   0.3737,   1.8572,   0.4814
2.018090e+13, 199.0694, -91.4088, 228.0134,   0.6535,   1.6532,   0.0077
2.018090e+13, 199.6243, -91.4439, 229.3770,   1.3938,   0.4896,  -1.1276
2.018090e+13, 199.5590, -93.0822, 230.7043,   1.2830,   0.4179,  -0.6890
2.018090e+13, 200.5339, -93.0579, 231.4191,   1.0467,   1.4173,  -0.0728
2.018090e+13, 201.6518, -93.5351, 232.4581,   0.7902,   1.0526,  -0.2684
2.018090e+13, 203.4721, -94.5201, 232.9791,   0.7560,   1.0648,  -0.3564
2.018090e+13, 204.3423, -95.0547, 233.6783,   1.1629,   0.5316,  -0.4513
2.018090e+13, 205.4147, -95.3832, 234.6721,   0.7561,   0.9508,  -0.3038
2.018090e+13, 205.2237, -95.0532, 236.1670,   0.9157,   1.0062,   0.0016
2.018090e+13, 206.9917, -95.6294, 236.8521,   0.8853,   1.1339,   0.0228
2.018090e+13, 206.8499, -96.7928, 238.3375,   1.1271,   0.8659,  -0.6001
2.018090e+13, 208.3773, -96.7292, 238.7568,   0.7729,   1.7359,   0.3189
2.018090e+13, 208.8595, -95.5341, 240.1825,   1.2142,   0.7475,  -0.3510
2.018090e+13, 210.0554, -96.0962, 241.1957,   1.4015,   0.3930,  -1.0189
2.018090e+13, 210.7827, -97.5182, 242.1371,   1.1536,   0.5957,  -0.5161
2.018090e+13, 210.9990, -97.2462, 244.3274,   1.1935,   0.5823,  -0.3795
2.018090e+13, 212.3822, -97.5232, 245.5275,   0.9287,   1.0242,  -0.3081
2.018090e+13, 213.0108, -97.5394, 246.8353,   1.0439,   0.6195,  -0.5283
2.018090e+13, 214.4595, -97.3669, 247.6189,   0.7118,   1.3126,  -0.0190
2.018090e+13, 216.0239, -97.8096, 248.1397,   0.7010,   1.6573,  -0.0369
2.018090e+13, 217.0792, -98.4090, 248.6884,   1.1387,   0.7067,  -0.8887
2.018090e+13, 216.6397, -99.7368, 250.3370,   1.1547,   0.6033,  -0.8639
2.018090e+13, 217.5496,-100.7989, 251.7671,   1.3158,   0.4333,  -0.8022
2.018090e+13, 217.6480,-101.1059, 253.1150,   1.0928,   0.8909,  -0.5186
2.018090e+13, 219.2965,-101.6072, 254.0181,   0.7590,   1.1216,  -0.5442
2.018090e+13, 220.8346,-103.0650, 254.8300,   1.4201,   0.3894,  -1.1122
2.018090e+13, 221.0864,-103.2074, 255.7144,   1.1744,   0.9370,   0.2269
2.018090e+13, 222.3135,-103.5408, 256.7964,   1.3718,   0.5936,   0.0087
2.018090e+13, 223.9034,-103.2603, 257.7985,   0.8469,   1.8043,   0.3062
2.018090e+13, 225.1106,-103.5983, 258.7457,   1.3257,   0.7834,  -0.4835
2.018090e+13, 224.8766,-104.4074, 260.1765,   1.1017,   0.6205,  -0.4794
2.018090e+13, 224.8586,-104.7967, 261.3895,   1.4495,   0.2708,  -0.6022
2.018090e+13, 224.9589,-105.4589, 262.9432,   1.3178,   0.5756,  -0.3860
2.018090e+13, 226.0668,-106.6316, 263.5180,   1.0228,   0.2829,  -0.7568
2.018090e+13, 227.7396,-108.2163, 264.5429,   0.6715,   1.2573,  -0.2859
2.018090e+13, 229.2430,-108.8440, 265.0490,   0.9560,   0.9318,  -0.1540
2.018090e+13, 229.6754,-108.4596, 266.3452,   1.3448,   0.7673,  -0.0840
2.018090e+13, 231.0345,-108.4057, 267.4637,   0.4468,   2.0725,   0.0401
2.018090e+13, 232.4925,-108.8218, 268.0848,   0.9888,   1.1666,  -0.5800
2.018090e+13, 233.0548,-109.1720, 269.0008,   0.9817,   0.6004,  -0.6886
2.018090e+13, 233.9049,-109.1824, 270.2377,   0.7073,   1.3473,  -0.4457
2.018090e+13, 235.3626,-110.1597, 271.0973,   1.0529,   0.9808,  -0.5737
2.018090e+13, 235.2731,-109.6709, 272.2232,   0.9519,   0.7362,  -0.4042
2.018090e+13, 236.6863,-111.0522, 272.7607,   0.9102,   0.5427,  -0.5469
2.018090e+13, 237.0393,-111.4586, 274.0167,   0.6779,   1.0694,  -0.2721
2.018090e+13, 238.3292,-111.2363, 274.6078,   1.1904,   1.0909,  -0.1354
2.018090e+13, 241.5238,-111.4073, 275.4174,   0.7717,   1.8411,   0.4938
2.018090e+13, 242.3818,-111.3117, 276.7634,   1.6934,   0.1883,  -0.5516
2.018090e+13, 242.1286,-111.1726, 278.2691,   1.2476,   0.9267,  -0.3951
2.018090e+13, 242.2625,-111.6317, 279.3922,   1.0387,   1.1860,  -0.3448
2.018090e+13, 243.0843,-112.1816, 281.4077,   1.6382,  -0.2194,  -0.8734
2.018090e+13, 243.3216,-113.3631, 282.3178,   0.9048,   0.9261,  -0.5236
2.018090e+13, 244.6821,-113.1921, 283.2861,   0.8881,   1.0317,  -0.0867
2.018090e+13, 246.0713,-114.0859, 284.6488,   1.4127,   0.5373,  -0.0662
2.018090e+13, 246.8853,-114.7162, 285.0870,   0.8249,   1.2703,   0.2282
2.018090e+13, 247.1915,-114.8067, 286.5642,   1.4383,   0.1619,  -1.0782
2.018090e+13, 247.6155,-116.1334, 287.5787,   1.4651,   0.3316,  -0.8151
2.018090e+13, 247.8428,-116.5567, 289.3727,   1.3193,   0.5065,  -0.3160
2.018090e+13, 249.4833,-117.2784, 289.7781,   0.5379,   1.6963,  -0.2796
2.018090e+13, 249.6719,-117.1475, 291.2041,   0.9595,   0.6970,  -0.7547
2.018090e+13, 250.7167,-118.1935, 292.5945,   0.8190,   1.3256,  -0.1584
2.018090e+13, 252.6499,-119.2619, 292.6696,   0.6806,   0.9710,  -0.2511
2.018090e+13, 252.9123,-119.9684, 293.8715,   1.0520,   0.5751,  -0.3451
2.018090e+13, 253.5401,-120.7235, 294.5920,   0.9158,   1.0774,  -0.2393
2.018090e+13, 254.3824,-120.5688, 296.3011,   1.1375,   1.1341,  -0.2017
2.018090e+13, 256.1563,-121.8727, 296.8791,   1.1369,   1.1813,  -0.3134
2.018090e+13, 256.6442,-122.4977, 298.7924,   1.3585,   0.2103,  -0.9084
2.018090e+13, 258.0618,-123.4954, 299.3383,   1.1550,   0.7465,  -0.6463
2.018090e+13, 257.5907,-123.9607, 300.0296,   0.8231,   0.9998,  -0.3733
2.018090e+13, 258.9642,-124.2473, 300.9511,   0.6383,   1.1892,   0.0152
2.018090e+13, 259.6850,-124.2179, 301.7180,   0.8698,   0.8186,   0.0216
2.018090e+13, 260.7200,-124.4975, 303.0631,   0.6044,   1.8176,  -0.1103
2.018090e+13, 261.5849,-123.9694, 303.9243,   0.9220,   1.1485,  -0.2336
2.018090e+13, 262.9218,-124.7712, 304.6122,   1.3120,   0.5085,  -0.6241
2.018090e+13, 264.4194,-125.6090, 305.2965,   0.9085,   1.0400,  -0.6380
2.018090e+13, 265.3865,-127.1979, 306.3260,   0.8123,   1.1514,  -0.6155
2.018090e+13, 265.7750,-127.3038, 308.1716,   0.8369,   0.6670,  -0.5672
2.018090e+13, 266.1382,-127.9782, 309.1667,   0.9560,   0.9557,  -0.3835
2.018090e+13, 266.5775,-127.7319, 310.5523,   0.9441,   0.8697,  -0.2768
2.018090e+13, 268.9262,-129.2328, 311.3165,   1.0427,   1.1817,  -0.1435
2.018090e+13, 269.7625,-129.0539, 312.3133,   1.1131,   0.8897,  -0.2602
2.018090e+13, 272.3136,-129.9329, 312.7723,   0.9880,   1.2813,  -0.2374
2.018090e+13, 272.8071,-129.6543, 313.9684,   1.0185,   1.0446,  -0.6711
2.018090e+13, 273.1098,-130.8280, 315.4757,   1.4780,   0.1219,  -0.9431
2.018090e+13, 272.9938,-131.8917, 316.4765,   1.0570,   0.9815,  -0.6928
2.018090e+13, 274.4515,-132.2578, 317.7596,   0.8802,   1.3243,  -0.3414
2.018090e+13, 273.6578,-132.0772, 319.2135,   1.5106,  -0.0315,  -0.4237
2.018090e+13, 273.6896,-132.2423, 320.7809,   1.0870,   0.4723,  -0.4188
2.018090e+13, 273.6453,-132.0505, 322.1345,   1.1432,   0.6933,  -0.4413
2.018090e+13, 274.7008,-132.3053, 323.1744,   1.1853,   0.5348,  -0.3664
2.018090e+13, 275.0011,-132.9354, 324.1119,   0.9725,   1.2579,  -0.3384
2.018090e+13, 276.1793,-133.4062, 325.4126,   1.1822,   0.8512,  -0.7412
2.018090e+13, 277.2102,-133.5702, 326.2972,   0.8755,   1.2164,  -0.1407
2.018090e+13, 278.4513,-134.0240, 327.4193,   0.7674,   1.1185,  -0.5204
2.018090e+13, 279.6690,-134.4831, 327.9353,   0.6709,   1.5150,   0.0203
2.018090e+13, 280.9772,-134.7618, 328.7332,   1.0528,   0.8031,  -0.0403
2.018090e+13, 281.9199,-135.9781, 330.1428,   1.5085,   0.2456,  -0.6078
2.018090e+13, 282.5885,-136.5566, 331.1117,   1.0086,   0.7108,  -0.2845
2.018090e+13, 284.2112,-137.5065, 331.8287,   1.1955,   0.9019,  -0.3109
2.018090e+13, 285.4505,-137.9499, 332.8904,   1.3866,   0.5102,  -0.5736
2.018090e+13, 286.7500,-139.0674, 333.5818,   0.6243,   1.0978,  -0.8336
2.018090e+13, 286.6737,-140.0366, 334.7475,   1.5594,  -0.1141,  -1.0301
2.018090e+13, 288.0589,-140.4965, 335.4390,   0.8893,   1.2404,  -0.3943
2.018090e+13, 289.6396,-140.5601, 336.1826,   0.4942,   1.3439,  -0.1912
2.018090e+13, 289.6739,-140.4330, 337.4975,   1.1269,   0.6498,  -0.2862
2.018090e+13, 291.3207,-141.4978, 338.7432,   0.9598,   0.7085,  -0.2192
2.018090e+13, 293.1198,-141.3631, 339.2928,   0.7337,   1.4202,  -0.0764
2.018090e+13, 294.3352,-141.1674, 340.5029,   0.9666,   1.1948,  -0.2668
2.018090e+13, 294.0821,-140.9672, 341.7254,   1.1569,   0.9616,  -0.3064
2.018090e+13, 295.6075,-141.4776, 342.3427,   0.6743,   1.5930,  -0.6937
2.018090e+13, 296.5150,-141.7059, 343.2297,   0.8562,   0.9684,  -0.8567
2.018090e+13, 296.6828,-141.5358, 344.4022,   0.9082,   0.8344,  -0.4902
2.018090e+13, 298.0504,-142.2824, 345.7924,   1.0369,   0.9320,  -0.4383
2.018090e+13, 299.4569,-142.1283, 346.2423,   0.2727,   2.0357,   0.1766
2.018090e+13, 300.8915,-141.7887, 347.0428,   1.0716,   1.1655,  -0.3513
2.018090e+13, 301.0134,-141.4220, 348.5621,   1.0675,   1.2085,  -0.1388
2.018090e+13, 302.4396,-141.5048, 349.5179,   1.1366,   0.8631,  -0.3973
2.018090e+13, 303.7726,-142.1047, 350.2925,   1.2810,   0.8273,  -0.0758
2.018090e+13, 305.5884,-142.5612, 350.8158,   0.9088,   0.8472,  -0.8340
2.018090e+13, 305.2753,-144.0392, 352.5805,   1.5238,  -0.1187,  -1.3204
2.018090e+13, 305.3935,-144.0132, 353.6274,   0.5923,   1.8158,  -0.0201
2.018090e+13, 305.5098,-143.3241, 355.1745,   0.7600,   1.0542,  -0.5631
2.018090e+13, 306.1978,-144.2206, 355.7321,   0.8385,   1.0384,  -0.0657
2.018090e+13, 308.1182,-144.3153, 356.6035,   1.0677,   1.1002,  -0.4323
2.018090e+13, 308.2944,-144.1780, 358.0347,   1.3535,   0.4574,  -0.4496
2.018090e+13, 310.7228,-144.2167, 359.0771,   0.9475,   1.3244,  -0.4632
2.018090e+13, 312.4891,-144.8877, 359.6318,   0.5036,   1.6180,  -0.2727
2.018090e+13, 312.4938,-145.1431, 361.1291,   2.2284,  -1.1851,  -1.2941
2.018090e+13, 311.6518,-145.7128, 363.0882,   0.6486,   1.9116,  -0.2343
2.018090e+13, 313.4158,-145.9426, 363.8205,   1.0009,   0.8276,  -0.2603
2.018090e+13, 313.8374,-146.5618, 365.5586,   1.1401,   0.4567,  -0.6588
2.018090e+13, 314.9219,-146.2824, 366.5437,   0.5745,   1.7513,   0.1059
2.018090e+13, 316.2025,-146.9069, 367.8231,   0.8856,   0.8669,  -0.2457
2.018090e+13, 316.6847,-146.4711, 369.0291,   0.9323,   0.8494,  -0.2963
2.018090e+13, 318.9088,-148.0964, 370.0229,   1.4709,   0.4697,  -0.4032
2.018090e+13, 318.6172,-147.8222, 371.0391,   0.9804,   0.5430,  -0.4942
2.018090e+13, 319.4238,-147.9871, 372.6481,   1.4494,  -0.5393,  -1.1163
2.018090e+13, 320.2242,-148.6168, 373.4924,   0.9344,   0.8393,  -0.5596
2.018090e+13, 321.7949,-149.1807, 374.0609,   1.5872,   0.5046,  -0.3079
2.018090e+13, 323.2515,-148.7911, 374.8267,   0.2526,   1.8032,   0.0429
2.018090e+13, 326.3907,-148.4278, 375.5525,   0.4063,   2.1912,   0.5738
2.018090e+13, 330.7417,-148.5911, 375.6563,   0.5717,   1.7767,   0.0613
2.018090e+13, 330.0630,-148.2261, 377.0580,   0.9049,   1.0500,  -0.4996
2.018090e+13, 330.6128,-149.0209, 378.3005,   0.7782,   1.3108,  -0.2503
2.018090e+13, 330.8601,-149.7306, 379.4448,   0.7208,   0.7420,  -0.5079
2.018090e+13, 332.6558,-150.7506, 379.8454,   0.2920,   1.5589,  -0.1062
2.018090e+13, 333.5626,-150.7114, 380.0357,   0.3753,   1.4872,  -0.0372
2.018090e+13, 334.3313,-150.9983, 380.4699,   0.7357,   1.3952,   0.0621
2.018090e+13, 336.0880,-151.7542, 381.4031,   1.4939,   0.7099,  -0.4536
2.018090e+13, 335.1918,-151.5265, 383.5765,   0.8134,   1.3238,  -0.0856
2.018090e+13, 336.9250,-152.0184, 384.2597,   1.2144,   1.0299,  -0.3134
2.018090e+13, 337.8401,-153.5341, 384.8369,   1.1634,   0.7806,  -0.7055
2.018090e+13, 337.3490,-154.2522, 386.4055,   1.3851,   0.3794,  -0.5283
2.018090e+13, 336.4712,-154.6774, 388.0616,   1.0084,   1.3589,  -0.1055
2.018090e+13, 338.1467,-155.8381, 389.1843,   1.2425,   0.2446,  -0.3369
2.018090e+13, 337.6072,-155.8892, 390.7208,   1.0636,   0.8555,  -0.0611
2.018090e+13, 337.8920,-155.7022, 391.9898,   1.2008,   1.2612,   0.1914
2.018090e+13, 339.2164,-156.8774, 392.6027,   0.6635,   1.2116,  -0.5536
2.018090e+13, 339.9504,-157.4739, 392.6831,   1.2378,   0.6277,  -0.9689
2.018090e+13, 340.3647,-159.0258, 394.5535,   1.1657,  -0.2255,  -0.8184
2.018090e+13, 341.2072,-159.0286, 394.2147,   0.8877,   1.1553,   0.0033
2.018090e+13, 342.4439,-159.9621, 395.5598,   1.4854,   0.4866,  -0.4464
2.018090e+13, 343.4082,-160.3119, 397.1682,   0.9093,   0.6818,  -0.2372
2.018090e+13, 343.5459,-161.7459, 397.3553,   1.1577,   0.1799,  -0.8880
2.018090e+13, 344.3712,-162.5845, 398.1436,   0.9378,   1.0796,  -0.4237
2.018090e+13, 345.3193,-162.9717, 398.6950,   1.2193,   0.2917,  -0.5782
2.018090e+13, 345.9637,-163.9203, 398.4338,   1.1724,   0.2574,  -0.6157
2.018090e+13, 346.9185,-164.7373, 401.9646,   1.1834,   0.4940,  -0.4967
2.018090e+13, 347.2100,-165.7151, 402.5833,   1.1977,  -0.3034,  -0.8387
2.018090e+13, 348.3387,-167.2357, 402.1173,   0.7907,   1.1392,  -0.2427
2.018090e+13, 349.1900,-167.2813, 404.2650,   1.0571,   1.0151,  -0.1743
2.018090e+13, 350.7580,-168.1023, 404.5584,   0.7827,   1.5437,  -0.0593
2.018090e+13, 351.4458,-168.0767, 406.5532,   1.0477,   0.9490,  -0.2847
2.018090e+13, 352.4635,-168.5328, 407.3069,   1.3914,   0.6601,  -0.8676
2.018090e+13, 353.3003,-169.7061, 408.6442,   1.0001,   0.7317,  -0.6410
2.018090e+13, 354.3994,-170.0687, 410.7647,   0.7491,   0.5324,  -0.2786
2.018090e+13, 354.5751,-170.4590, 411.8901,   1.1667,   0.6794,  -0.4230
2.018090e+13, 356.3141,-170.9539, 412.4292,   0.5383,   1.4329,   0.0383
2.018090e+13, 356.4837,-171.1613, 414.2967,   1.5597,   0.6400,  -0.3908
2.018090e+13, -24.9082, -38.8285,   0.8654,   0.2820,   0.3385,   0.1856
2.018090e+13, -21.6025, -32.2522,   4.8547,   0.7413,   1.4842,  -0.2434
2.018090e+13, -17.1955, -25.3904,   8.4197,   1.0347,   0.6986,  -0.4020
2.018090e+13, -14.2255, -21.5018,   9.8182,   0.8911,   0.2820,  -0.6045
2.018090e+13,  -9.8272, -18.2855,  10.6375,   1.0406,   1.0853,  -0.4168
2.018090e+13,  -5.9339, -16.6310,  11.7585,   1.1036,   0.9379,  -0.4070
2.018090e+13,  -4.5329, -15.9011,  12.8032,   1.2127,   0.6252,  -0.7591
2.018090e+13,  -2.8927, -14.8282,  13.8630,   0.9853,   0.7056,  -0.3276
2.018090e+13,  -2.4543, -14.0071,  14.9893,   0.8782,   0.8886,  -0.3305
2.018090e+13,  -0.6466, -12.3599,  15.0347,   0.6709,   1.1889,  -0.2807
2.018090e+13,   2.8164, -11.4585,  15.4661,   1.1738,   0.5413,  -0.5682
2.018090e+13,   3.6239, -11.5267,  16.5624,   1.1402,   0.8997,  -0.1542
2.018090e+13,   6.1653, -10.4463,  17.1814,   1.2877,   0.7125,  -0.5758
2.018090e+13,   7.6396, -10.3783,  18.6074,   1.3040,   0.3758,  -0.8927
2.018090e+13,   7.9708,  -9.6304,  19.4613,   1.1730,   0.6496,  -0.6062
2.018090e+13,   9.5980,  -9.5713,  20.3954,   1.0687,   0.5400,  -0.8977
2.018090e+13,  10.3817,  -9.8983,  20.7903,   0.8181,   0.8317,  -0.2397
2.018090e+13,  11.6131, -10.6314,  21.9117,   0.9977,   0.6254,  -0.4812
2.018090e+13,  13.9742,  -9.9400,  21.5312,   0.8773,   0.7822,  -0.4099
2.018090e+13,  14.4391,  -9.8452,  22.0280,   0.8432,   0.4074,  -0.4948
2.018090e+13,  15.2535, -10.1961,  22.9945,   0.9947,   0.9667,  -0.2848
2.018090e+13,  15.7519, -10.9050,  24.9057,   0.9689,   1.1928,  -0.2934
2.018090e+13,  17.3148, -10.6430,  26.2098,   1.0268,   0.4826,  -0.6635
2.018090e+13,  18.5075, -11.1521,  25.9064,   0.9869,   1.1692,  -0.3145
2.018090e+13,  18.7301, -12.1615,  26.8957,   0.7926,   0.1323,  -0.7906
2.018090e+13,  18.4639, -11.7941,  27.8247,   0.9097,   0.9950,   0.0223
2.018090e+13,  21.6868, -12.1542,  28.3859,   1.0603,   1.1281,  -0.2421
2.018090e+13,  22.5330, -12.4956,  29.4503,   1.0697,   0.8703,  -0.4386
2.018090e+13,  23.1474, -12.8009,  30.6036,   1.1081,   0.4116,  -0.7301
2.018090e+13,  23.9447, -14.0120,  32.0717,   1.1598,   0.8255,  -0.3387
2.018090e+13,  24.1674, -14.3301,  33.8437,   0.9835,   0.8576,  -0.4138
2.018090e+13,  26.3138, -14.6094,  34.6126,   0.9819,   1.0873,  -0.3604
2.018090e+13,  27.7323, -14.7740,  34.9614,   0.9509,   0.7770,  -0.5093
2.018090e+13,  28.7653, -15.7643,  35.4194,   1.1817,   0.2282,  -0.5257
2.018090e+13,  28.8640, -16.0760,  36.5330,   0.9154,   1.2521,   0.0145
2.018090e+13,  31.6607, -15.3664,  37.0072,   1.2419,   1.3380,   0.0617
2.018090e+13,  32.1643, -15.1418,  38.5837,   1.0291,   0.3593,  -0.5757
2.018090e+13,  33.8927, -15.7163,  39.5017,   1.1571,   0.5465,  -0.7924
2.018090e+13,  34.6224, -16.3473,  40.1024,   0.7823,   0.9918,   0.1569
2.018090e+13,  36.0030, -16.1515,  40.7007,   0.9311,   0.9574,  -0.5397
2.018090e+13,  36.8552, -16.1940,  41.8394,   0.8490,   0.9076,  -0.5362
2.018090e+13,  38.8161, -17.0448,  42.8359,   0.7465,   0.5148,  -0.4914
2.018090e+13,  39.6044, -17.6648,  42.8087,   0.8854,   0.9349,  -0.4335
2.018090e+13,  40.3634, -18.0840,  43.9590,   1.1179,   0.7236,  -0.5493
2.018090e+13,  41.5350, -18.8959,  44.3997,   1.0492,   1.0523,  -0.2836
2.018090e+13,  42.4710, -18.9876,  45.5829,   1.1525,   1.0247,  -0.3631
2.018090e+13,  43.2223, -19.7634,  46.7050,   1.1073,   0.9839,  -0.3072
2.018090e+13,  43.1165, -19.4815,  48.2647,   1.3116,   0.6630,  -0.6025
2.018090e+13,  44.3691, -19.2492,  49.1202,   0.8774,   1.0487,  -0.1500
2.018090e+13,  45.3191, -19.9311,  50.2222,   0.9153,   0.6582,  -0.3665
2.018090e+13,  46.2235, -20.5566,  50.8910,   1.1052,   1.1092,  -0.4304
2.018090e+13,  46.6213, -21.0889,  52.3185,   0.6773,   1.1913,   0.0443
2.018090e+13,  47.3700, -21.4607,  52.9751,   0.9904,   0.8792,  -0.3030
2.018090e+13,  47.9677, -22.5836,  54.3424,   1.2650,   0.8365,  -0.8944
2.018090e+13,  48.2565, -23.1639,  55.6175,   1.1089,   0.8474,  -0.6464
2.018090e+13,  50.6445, -23.4623,  56.0680,   1.0494,   0.5800,  -0.6524
2.018090e+13,  52.0354, -23.9473,  56.7805,   0.9822,   0.7579,  -0.5768
2.018090e+13,  51.9549, -23.7006,  58.4992,   0.8365,   0.7818,  -0.2560
2.018090e+13,  53.4570, -23.7053,  59.6651,   0.6652,   1.1730,   0.1777
2.018090e+13,  54.9587, -23.3191,  60.3796,   1.0834,   1.2152,  -0.1911
2.018090e+13,  54.6453, -23.6878,  62.5254,   0.8432,   0.6784,  -0.2261
2.018090e+13,  54.4437, -24.1752,  63.6056,   1.4767,   0.0645,  -0.9301
2.018090e+13,  55.3793, -25.1659,  65.4617,   1.3134,   0.4780,  -0.9387
2.018090e+13,  55.7414, -25.7817,  66.8022,   1.1693,   0.8880,  -0.7035
2.018090e+13,  56.3933, -26.4747,  68.3340,   1.2772,   0.9426,  -0.5361
2.018090e+13,  57.2651, -26.7048,  69.4471,   1.0368,   0.5452,  -0.7007
2.018090e+13,  57.7918, -27.7829,  70.1355,   1.0204,   0.6937,  -0.5009
2.018090e+13,  58.6823, -28.7766,  71.0105,   1.1332,   0.9268,  -0.2762
2.018090e+13,  59.8839, -29.6927,  72.1643,   1.0606,   1.2352,   0.0140
2.018090e+13,  61.2424, -29.5939,  74.0304,   1.1729,   0.7569,  -0.4589
2.018090e+13,  63.0812, -29.7956,  74.5278,   0.9221,   1.0806,  -0.3002
2.018090e+13,  65.9382, -29.4578,  75.0555,   0.4277,   1.4281,   0.2247
2.018090e+13,  66.0581, -29.3555,  76.5724,   1.5181,  -0.1935,  -1.1015
2.018090e+13,  65.7627, -30.6741,  76.9048,   1.1754,   0.5355,  -0.7865
2.018090e+13,  67.5503, -31.4324,  78.0048,   0.6251,   0.8226,  -0.2571
2.018090e+13,  68.2804, -31.6117,  78.2991,   0.9338,   0.9405,  -0.4589
2.018090e+13,  69.2780, -31.5362,  79.3110,   1.1057,   0.5486,  -0.6242
2.018090e+13,  69.8639, -31.8757,  79.6926,   0.2013,   1.6049,   0.5822
2.018090e+13,  70.1893, -31.6697,  81.2144,   1.1236,   0.8073,  -0.7288
2.018090e+13,  70.7906, -32.5186,  82.4048,   1.2835,   1.0882,  -0.6614
2.018090e+13,  71.8366, -32.4276,  83.8495,   0.7510,   1.6701,   0.4734
2.018090e+13,  71.7686, -33.0911,  85.0615,   1.0796,   0.8714,  -0.5277
2.018090e+13,  72.9209, -34.4943,  86.2292,   1.1283,   0.6347,  -0.6507
2.018090e+13,  74.9721, -34.8326,  87.3032,   0.6745,   1.5326,   0.2065
2.018090e+13,  76.4125, -34.3847,  88.7211,   0.9292,   0.9569,  -0.0730
2.018090e+13,  76.6826, -34.5276,  90.0599,   1.5970,   0.3620,  -0.9671
2.018090e+13,  77.6257, -35.2178,  91.4616,   1.3801,   0.6026,  -0.8136
2.018090e+13,  78.8006, -35.4852,  92.2748,   0.8679,   1.1439,  -0.0793
2.018090e+13,  79.6947, -35.0981,  93.3569,   0.8098,   1.0452,  -0.0323
2.018090e+13,  80.8946, -35.4846,  94.5493,   0.9737,   1.0798,  -0.2046
2.018090e+13,  82.3184, -36.0353,  94.7947,   0.9140,   1.0726,  -0.1205
2.018090e+13,  83.1074, -35.4335,  95.5406,   0.4246,   1.8794,  -0.0310
2.018090e+13,  84.1192, -35.4862,  96.6751,   1.1163,   0.8915,  -0.4395
2.018090e+13,  86.0502, -36.3472,  97.2560,   0.8264,   1.3298,  -0.0452
2.018090e+13,  86.9582, -36.1646,  98.2515,   0.7469,   1.4592,  -0.1455
2.018090e+13,  89.0483, -36.1277,  98.9695,   0.8413,   1.0139,  -0.2436
2.018090e+13,  90.2184, -36.6995,  99.9248,   0.8726,   0.8609,  -0.5939
2.018090e+13,  90.6886, -36.6482, 100.1408,   0.5755,   1.6347,  -0.3245
2.018090e+13,  93.1285, -37.8928, 100.7316,   0.8991,   0.5668,  -0.4246
2.018090e+13,  92.2123, -38.8578, 102.3358,   1.9757,  -0.4574,  -1.8562
2.018090e+13,  91.4219, -39.1247, 104.5904,   1.3256,   0.9917,  -0.4567
2.018090e+13,  92.3627, -39.0045, 105.7605,   0.9207,   1.1984,   0.4229
2.018090e+13,  94.4885, -39.6523, 106.6008,   0.9492,   0.7766,  -0.4188
2.018090e+13,  94.5843, -40.7973, 107.6144,   1.2939,   0.3185,  -0.7694
2.018090e+13,  94.7585, -40.4712, 108.0882,   0.3728,   1.6018,   0.3700
2.018090e+13,  97.1101, -40.6887, 108.9534,   1.2847,   0.9549,  -0.8034
2.018090e+13,  98.5890, -40.3685, 110.5885,   1.0538,   1.1604,  -0.3141
2.018090e+13, 100.3387, -40.8050, 111.2049,   1.2125,   0.6987,  -0.7384
2.018090e+13, 101.1013, -41.8060, 112.6435,   1.2385,   0.7181,  -0.6984
2.018090e+13, 101.9085, -42.3048, 113.8719,   1.1278,   0.1863,  -0.7661
2.018090e+13, 100.8285, -41.9744, 115.3911,   0.6709,   1.5497,   0.2280
2.018090e+13, 102.0790, -42.1864, 116.9178,   0.9722,   1.1724,   0.2493
2.018090e+13, 101.4815, -42.0333, 118.6610,   1.4197,   0.1127,  -0.8493
2.018090e+13, 102.1979, -42.8683, 119.1200,   0.4004,   2.2422,  -0.0168
2.018090e+13, 104.1752, -44.3333, 119.5049,   1.0153,   1.2492,  -0.4445
2.018090e+13, 107.3840, -44.7195, 120.3141,   0.7415,   1.3254,  -0.1313
2.018090e+13, 108.5223, -45.8016, 121.1844,   1.1745,   0.1148,  -0.8928
2.018090e+13, 109.2648, -46.3291, 122.3756,   0.8518,  -0.5893,  -1.2239
2.018090e+13, 109.4114, -47.1737, 123.2218,   0.9392,  -0.4476,  -0.9605
2.018090e+13, 109.8772, -47.6513, 124.0913,   0.4550,   0.0451,  -0.3323
2.018090e+13, 109.9484, -48.3240, 124.6121,   0.5833,   0.3717,  -0.6173
2.018090e+13, 110.6510, -49.1084, 125.3337,   1.1538,   1.0666,  -0.4780
2.018090e+13, 111.4643, -50.5567, 126.3223,   1.2473,   1.0823,  -0.1228
2.018090e+13, 111.5922, -50.8402, 128.1576,   1.2028,   0.7920,  -0.4332
2.018090e+13, 112.8826, -51.8103, 129.1364,   0.9344,   0.2694,  -0.6239
2.018090e+13, 112.5672, -52.7518, 130.6419,   1.1249,   0.6074,  -0.3186
2.018090e+13, 113.3307, -52.9599, 131.7977,   0.9918,   0.6849,  -0.6603
2.018090e+13, 114.7679, -54.1884, 132.5446,   0.4795,   1.3206,   0.3332
2.018090e+13, 117.4801, -53.7267, 132.9799,   0.5463,   1.7012,   0.0527
2.018090e+13, 117.5847, -53.5944, 133.8032,   1.3885,   0.4832,  -0.8482
2.018090e+13, 118.0430, -54.4183, 135.7043,   0.9699,   1.0016,  -0.6711
2.018090e+13, 119.1918, -55.3723, 136.6293,   1.2653,   0.7435,  -0.5832
2.018090e+13, 119.8511, -56.5747, 137.8186,   0.8914,   0.9524,  -0.4599
2.018090e+13, 120.8348, -56.8062, 139.0609,   0.9659,   0.9106,  -0.3820
2.018090e+13, 120.6613, -57.2627, 140.0129,   0.9413,   1.0626,   0.0661
2.018090e+13, 123.1937, -56.4055, 141.2157,   0.8442,   1.9576,   0.6908
2.018090e+13, 123.2762, -56.3986, 142.9138,   1.3099,   0.6831,  -0.6273
2.018090e+13, 124.5699, -57.7402, 143.8353,   1.3410,   0.9159,  -0.7092
2.018090e+13, 124.7106, -58.7286, 145.2251,   1.1931,   0.7834,  -0.6038
2.018090e+13, 124.2046, -59.5075, 147.3689,   1.0777,   0.7792,  -0.2701
2.018090e+13, 125.0187, -60.2790, 147.8024,   1.1805,   0.7567,  -0.6141
2.018090e+13, 126.2423, -61.1596, 149.3141,   1.3079,   1.1488,  -0.2653
2.018090e+13, 127.7006, -61.4833, 149.5524,   0.9366,   0.8613,  -0.4432
2.018090e+13, 127.3508, -62.0145, 151.0640,   1.5289,  -0.3154,  -1.0957
2.018090e+13, 129.0919, -62.5542, 151.6329,   0.5087,   1.8820,   0.0254
2.018090e+13, 131.7151, -62.9951, 151.8097,   0.7598,   1.7623,   0.2545
2.018090e+13, 132.2965, -62.9419, 153.0249,   1.0206,   0.2667,  -0.6327
2.018090e+13, 133.4359, -63.4919, 153.6947,   0.4963,   1.3319,  -0.4877
2.018090e+13, 134.3299, -63.3617, 154.4350,   1.0710,   1.1497,  -0.1554
2.018090e+13, 136.2776, -63.7756, 155.0818,   0.9458,   1.4747,   0.2304
2.018090e+13, 137.3382, -63.3685, 156.3033,   0.7225,   1.0596,  -0.2296
2.018090e+13, 138.1553, -63.0806, 157.1671,   1.0545,   0.6699,  -0.4670
2.018090e+13, 138.8448, -62.7603, 158.9985,   0.7499,   1.2948,  -0.0769
2.018090e+13, 140.2930, -63.5571, 159.3264,   0.8327,   1.2604,   0.0765
2.018090e+13, 140.4056, -63.5710, 160.5414,   0.9503,   1.2152,  -0.1764
2.018090e+13, 142.2573, -64.1502, 161.9191,   1.1795,   1.1729,  -0.1550
2.018090e+13, 142.1927, -64.2255, 163.7525,   1.4404,   0.5803,  -0.4978
2.018090e+13, 143.6215, -65.7940, 164.3383,   1.3042,   0.7613,  -0.4155
2.018090e+13, 144.9246, -66.2405, 164.8864,   1.0954,   0.3936,  -0.5930
2.018090e+13, 145.7402, -67.2614, 165.6198,   0.8345,   1.6986,  -0.2011
2.018090e+13, 147.7888, -67.6390, 166.4138,   0.7164,   1.3641,   0.1928
2.018090e+13, 148.8863, -67.2345, 167.3095,   0.8517,   1.3093,   0.0376
2.018090e+13, 148.4696, -67.3507, 168.2608,   0.9086,   0.7643,  -0.7176
2.018090e+13, 148.3779, -68.2755, 169.8571,   0.8277,   1.0191,  -0.5859
2.018090e+13, 148.7516, -68.0551, 171.5749,   0.9205,   1.3044,  -0.3489
2.018090e+13, 150.2518, -68.6806, 172.4923,   1.2742,   0.6244,  -0.5829
2.018090e+13, 151.0621, -68.9340, 173.7729,   0.6572,   1.4289,   0.3687
2.018090e+13, 152.1221, -70.0687, 174.8217,   0.9366,   0.7585,  -0.6562
2.018090e+13, 152.8440, -70.4960, 176.2653,   0.8209,   0.7499,  -0.5573
2.018090e+13, 153.5295, -71.4275, 176.9472,   0.7524,   1.2558,  -0.2469
2.018090e+13, 154.5845, -72.0655, 177.9885,   0.8118,   0.9957,  -0.3336
2.018090e+13, 156.0879, -72.5898, 178.3830,   1.0506,   1.2432,  -0.2215
2.018090e+13, 156.4920, -72.8974, 179.4383,   1.2302,   0.9992,  -0.5154
2.018090e+13, 157.1367, -73.6164, 181.1029,   1.1928,   0.8804,  -0.3978
2.018090e+13, 159.3633, -74.9766, 181.4686,   1.2246,   0.9117,  -0.6094
2.018090e+13, 159.7901, -74.4287, 183.1089,   1.0480,   1.0426,  -0.3081
2.018090e+13, 160.7428, -75.1598, 184.4598,   0.9247,   0.8156,  -0.4788
2.018090e+13, 160.8155, -75.9024, 185.8128,   0.9533,   0.6926,  -0.4274
2.018090e+13, 160.4803, -75.6991, 186.7032,   0.8882,   0.6770,  -0.3525
2.018090e+13, 161.3403, -75.9880, 187.8820,   0.6997,   1.1854,  -0.1480
2.018090e+13, 162.8754, -76.2658, 188.5479,   0.8379,   1.5922,  -0.2613
2.018090e+13, 164.7931, -76.0843, 188.9831,   0.9237,   1.2869,  -0.0694
2.018090e+13, 166.7839, -76.3548, 189.7339,   1.1958,   0.8107,  -0.4632
2.018090e+13, 166.8733, -77.1640, 191.0939,   0.9956,   0.6982,  -0.7532
2.018090e+13, 167.8105, -78.4218, 192.0092,   1.1350,   0.8133,  -0.6242
2.018090e+13, 168.7881, -78.9689, 193.0320,   1.0185,   1.0308,  -0.6277
2.018090e+13, 168.6475, -79.0843, 194.3440,   0.8916,   0.5946,  -0.4662
2.018090e+13, 170.6398, -79.9854, 195.0333,   0.8883,   1.6360,  -0.0819
2.018090e+13, 171.6766, -80.0499, 195.0474,   0.8806,   0.8625,  -0.4035
2.018090e+13, 172.9062, -80.6193, 196.6566,   1.0132,   1.3082,  -0.2324
2.018090e+13, 174.7209, -80.3062, 197.0889,   1.0403,   1.4947,  -0.2170
2.018090e+13, 175.1459, -80.4996, 198.4285,   1.3573,   0.8906,  -0.3412
2.018090e+13, 175.5019, -80.7953, 200.3766,   1.2622,   1.2173,  -0.1940
2.018090e+13, 176.4591, -81.8302, 201.6674,   1.2912,   0.2688,  -1.0036
2.018090e+13, 176.5712, -82.3954, 203.6930,   1.0800,   1.1067,  -0.3861
2.018090e+13, 177.4103, -83.5362, 204.6020,   0.9370,   1.4111,  -0.1633
2.018090e+13, 178.5690, -83.1620, 205.3215,   0.8318,   0.4693,  -0.2836
2.018090e+13, 178.7208, -83.9239, 206.0671,   0.8450,   0.5797,  -0.7263
2.018090e+13, 179.6009, -84.5462, 207.3339,   0.9656,   0.9719,  -0.3043
2.018090e+13, 179.9585, -84.5281, 208.5823,   0.7214,   1.3820,   0.1175
2.018090e+13, 183.3367, -85.6167, 208.7365,   1.1708,   0.8125,  -0.9025
2.018090e+13, 183.1301, -86.2827, 209.8366,   1.3090,   0.3433,  -0.6146
2.018090e+13, 182.8813, -86.7870, 210.9532,   0.9534,   1.2438,  -0.3698
2.018090e+13, 185.5827, -86.7139, 211.9629,   0.9049,   1.0697,  -0.2842
2.018090e+13, 185.5446, -87.1141, 213.3469,   1.1073,   0.6168,  -0.6128
2.018090e+13, 184.8068, -86.5229, 215.3172,   0.8335,   1.1750,  -0.0466
2.018090e+13, 186.3490, -86.2722, 215.8042,   0.6497,   1.7907,   0.2708
2.018090e+13, -24.9082, -38.8285,   0.8654,   0.2820,   0.3385,   0.1856
2.018090e+13, -21.5683, -32.2338,   4.8125,   0.7414,   1.4841,  -0.2434
2.018090e+13, -17.1860, -25.3826,   8.4115,   1.0347,   0.6986,  -0.4021
2.018090e+13, -14.2156, -21.4907,   9.8094,   0.8910,   0.2821,  -0.6044
2.018090e+13,  -9.8166, -18.2768,  10.6282,   1.0405,   1.0855,  -0.4166
2.018090e+13,  -5.9175, -16.6144,  11.7472,   1.1035,   0.9380,  -0.4068
2.018090e+13,  -4.5151, -15.8860,  12.7891,   1.2129,   0.6248,  -0.7596
2.018090e+13,  -2.8808, -14.8137,  13.8531,   0.9856,   0.7051,  -0.3282
2.018090e+13,  -2.4402, -13.9990,  14.9816,   0.8784,   0.8882,  -0.3310
2.018090e+13,  -0.6425, -12.3508,  15.0356,   0.6710,   1.1887,  -0.2810
2.018090e+13,   2.8238, -11.4538,  15.4656,   1.1738,   0.5412,  -0.5684
2.018090e+13,   3.6195, -11.5260,  16.5621,   1.1400,   0.9000,  -0.1539
2.018090e+13,   6.1652, -10.4463,  17.1730,   1.2876,   0.7129,  -0.5755
2.018090e+13,   7.6479, -10.3718,  18.6007,   1.3041,   0.3758,  -0.8928
2.018090e+13,   7.9820,  -9.6233,  19.4554,   1.1732,   0.6492,  -0.6066
2.018090e+13,   9.6107,  -9.5638,  20.3904,   1.0690,   0.5393,  -0.8984
2.018090e+13,  10.3902,  -9.8856,  20.7814,   0.8185,   0.8308,  -0.2407
2.018090e+13,  11.6203, -10.6210,  21.9127,   0.9980,   0.6247,  -0.4820
2.018090e+13,  13.9710,  -9.9365,  21.5289,   0.8774,   0.7819,  -0.4102
2.018090e+13,  14.4342,  -9.8493,  22.0296,   0.8431,   0.4077,  -0.4946
2.018090e+13,  15.2473, -10.2054,  22.9960,   0.9944,   0.9675,  -0.2839
2.018090e+13,  15.7537, -10.9035,  24.9040,   0.9688,   1.1931,  -0.2931
2.018090e+13,  17.3177, -10.6407,  26.2055,   1.0269,   0.4824,  -0.6637
2.018090e+13,  18.5143, -11.1504,  25.9025,   0.9871,   1.1689,  -0.3147
2.018090e+13,  18.7344, -12.1586,  26.8956,   0.7928,   0.1319,  -0.7909
2.018090e+13,  18.4671, -11.7905,  27.8276,   0.9098,   0.9947,   0.0220
2.018090e+13,  21.6904, -12.1482,  28.3903,   1.0604,   1.1278,  -0.2424
2.018090e+13,  22.5322, -12.4982,  29.4478,   1.0697,   0.8702,  -0.4387
2.018090e+13,  23.1408, -12.8027,  30.6014,   1.1080,   0.4119,  -0.7298
2.018090e+13,  23.9460, -14.0162,  32.0706,   1.1597,   0.8258,  -0.3383
2.018090e+13,  24.1744, -14.3247,  33.8370,   0.9837,   0.8573,  -0.4142
2.018090e+13,  26.3220, -14.6026,  34.6105,   0.9823,   1.0866,  -0.3611
2.018090e+13,  27.7365, -14.7672,  34.9594,   0.9513,   0.7763,  -0.5101
2.018090e+13,  28.7734, -15.7566,  35.4164,   1.1821,   0.2274,  -0.5265
2.018090e+13,  28.8565, -16.0797,  36.5404,   0.9154,   1.2521,   0.0144
2.018090e+13,  31.6519, -15.3688,  37.0107,   1.2416,   1.3386,   0.0622
2.018090e+13,  32.1628, -15.1466,  38.5821,   1.0290,   0.3597,  -0.5753
2.018090e+13,  33.8906, -15.7196,  39.5045,   1.1570,   0.5468,  -0.7920
2.018090e+13,  34.6302, -16.3474,  40.0967,   0.7824,   0.9916,   0.1568
2.018090e+13,  36.0096, -16.1480,  40.6994,   0.9315,   0.9569,  -0.5402
2.018090e+13,  36.8623, -16.1891,  41.8313,   0.8494,   0.9070,  -0.5368
2.018090e+13,  38.8209, -17.0410,  42.8382,   0.7467,   0.5143,  -0.4918
2.018090e+13,  39.6070, -17.6603,  42.8110,   0.8855,   0.9345,  -0.4339
2.018090e+13,  40.3519, -18.0889,  43.9668,   1.1177,   0.7239,  -0.5490
2.018090e+13,  41.5248, -18.9055,  44.4039,   1.0488,   1.0532,  -0.2827
2.018090e+13,  42.4606, -18.9922,  45.5803,   1.1522,   1.0254,  -0.3623
2.018090e+13,  43.2255, -19.7663,  46.7031,   1.1072,   0.9841,  -0.3070
2.018090e+13,  43.1227, -19.4824,  48.2596,   1.3117,   0.6628,  -0.6027
2.018090e+13,  44.3677, -19.2462,  49.1202,   0.8775,   1.0486,  -0.1502
2.018090e+13,  45.3203, -19.9242,  50.2167,   0.9155,   0.6580,  -0.3668
2.018090e+13,  46.2296, -20.5476,  50.8901,   1.1055,   1.1086,  -0.4311
2.018090e+13,  46.6200, -21.0877,  52.3203,   0.6774,   1.1910,   0.0438
2.018090e+13,  47.3629, -21.4649,  52.9779,   0.9902,   0.8795,  -0.3026
2.018090e+13,  47.9719, -22.5841,  54.3414,   1.2650,   0.8366,  -0.8943
2.018090e+13,  48.2622, -23.1622,  55.6134,   1.1091,   0.8470,  -0.6468
2.018090e+13,  50.6541, -23.4599,  56.0640,   1.0498,   0.5795,  -0.6531
2.018090e+13,  52.0406, -23.9442,  56.7767,   0.9825,   0.7573,  -0.5774
2.018090e+13,  51.9546, -23.7003,  58.5072,   0.8366,   0.7816,  -0.2562
2.018090e+13,  53.4595, -23.7032,  59.6661,   0.6652,   1.1728,   0.1775
2.018090e+13,  54.9578, -23.3211,  60.3856,   1.0834,   1.2151,  -0.1911
2.018090e+13,  54.6355, -23.6917,  62.5266,   0.8429,   0.6788,  -0.2256
2.018090e+13,  54.4310, -24.1805,  63.6077,   1.4763,   0.0655,  -0.9291
2.018090e+13,  55.3793, -25.1720,  65.4622,   1.3131,   0.4787,  -0.9380
2.018090e+13,  55.7412, -25.7817,  66.7978,   1.1693,   0.8880,  -0.7033
2.018090e+13,  56.3905, -26.4753,  68.3335,   1.2773,   0.9426,  -0.5360
2.018090e+13,  57.2682, -26.7061,  69.4422,   1.0369,   0.5451,  -0.7007
2.018090e+13,  57.7970, -27.7768,  70.1332,   1.0207,   0.6931,  -0.5015
2.018090e+13,  58.6825, -28.7694,  71.0098,   1.1335,   0.9262,  -0.2768
2.018090e+13,  59.8811, -29.6933,  72.1660,   1.0606,   1.2352,   0.0138
2.018090e+13,  61.2396, -29.5938,  74.0323,   1.1728,   0.7570,  -0.4587
2.018090e+13,  63.0782, -29.7998,  74.5308,   0.9219,   1.0809,  -0.2998
2.018090e+13,  65.9332, -29.4647,  75.0587,   0.4273,   1.4287,   0.2254
2.018090e+13,  66.0589, -29.3570,  76.5718,   1.5179,  -0.1932,  -1.1012
2.018090e+13,  65.7631, -30.6753,  76.9036,   1.1754,   0.5355,  -0.7865
2.018090e+13,  67.5544, -31.4327,  77.9984,   0.6253,   0.8224,  -0.2573
2.018090e+13,  68.2813, -31.6076,  78.2923,   0.9342,   0.9401,  -0.4594
2.018090e+13,  69.2797, -31.5355,  79.3118,   1.1059,   0.5483,  -0.6245
2.018090e+13,  69.8686, -31.8726,  79.6976,   0.2014,   1.6046,   0.5819
2.018090e+13,  70.1830, -31.6688,  81.2221,   1.1234,   0.8074,  -0.7288
2.018090e+13,  70.7864, -32.5232,  82.4070,   1.2831,   1.0887,  -0.6608
2.018090e+13,  71.8266, -32.4375,  83.8547,   0.7504,   1.6711,   0.4745
2.018090e+13,  71.7631, -33.0961,  85.0610,   1.0792,   0.8721,  -0.5269
2.018090e+13,  72.9164, -34.4974,  86.2305,   1.1281,   0.6352,  -0.6502
2.018090e+13,  74.9753, -34.8362,  87.3020,   0.6744,   1.5328,   0.2069
2.018090e+13,  76.4149, -34.3867,  88.7181,   0.9293,   0.9569,  -0.0729
2.018090e+13,  76.6828, -34.5298,  90.0580,   1.5970,   0.3620,  -0.9670
2.018090e+13,  77.6270, -35.2158,  91.4588,   1.3802,   0.6025,  -0.8137
2.018090e+13,  78.7990, -35.4806,  92.2737,   0.8681,   1.1436,  -0.0796
2.018090e+13,  79.6925, -35.0956,  93.3604,   0.8098,   1.0452,  -0.0324
2.018090e+13,  80.8996, -35.4786,  94.5486,   0.9739,   1.0795,  -0.2050
2.018090e+13,  82.3174, -36.0356,  94.7955,   0.9141,   1.0724,  -0.1208
2.018090e+13,  83.1009, -35.4385,  95.5425,   0.4243,   1.8800,  -0.0302
2.018090e+13,  84.1115, -35.4931,  96.6790,   1.1157,   0.8927,  -0.4381
2.018090e+13,  86.0491, -36.3573,  97.2569,   0.8258,   1.3311,  -0.0437
2.018090e+13,  86.9542, -36.1669,  98.2542,   0.7465,   1.4601,  -0.1444
2.018090e+13,  89.0511, -36.1289,  98.9666,   0.8412,   1.0142,  -0.2433
2.018090e+13,  90.2299, -36.6911,  99.9156,   0.8732,   0.8599,  -0.5951
2.018090e+13,  90.6986, -36.6422, 100.1334,   0.5763,   1.6332,  -0.3262
2.018090e+13,  93.1298, -37.8907, 100.7325,   0.8994,   0.5662,  -0.4253
2.018090e+13,  92.2116, -38.8536, 102.3392,   1.9757,  -0.4575,  -1.8564
2.018090e+13,  91.4162, -39.1279, 104.5989,   1.3252,   0.9922,  -0.4561
2.018090e+13,  92.3538, -39.0108, 105.7665,   0.9201,   1.1994,   0.4242
2.018090e+13,  94.4800, -39.6573, 106.6010,   0.9487,   0.7776,  -0.4176
2.018090e+13,  94.5821, -40.7993, 107.6175,   1.2935,   0.3191,  -0.7686
2.018090e+13,  94.7627, -40.4743, 108.0869,   0.3727,   1.6020,   0.3703
2.018090e+13,  97.1149, -40.6918, 108.9497,   1.2847,   0.9548,  -0.8034
2.018090e+13,  98.5926, -40.3677, 110.5854,   1.0539,   1.1603,  -0.3143
2.018090e+13, 100.3398, -40.8060, 111.2042,   1.2125,   0.6987,  -0.7385
2.018090e+13, 101.1017, -41.8008, 112.6435,   1.2385,   0.7179,  -0.6985
2.018090e+13, 101.9065, -42.2972, 113.8730,   1.1279,   0.1860,  -0.7666
2.018090e+13, 100.8235, -41.9770, 115.3973,   0.6707,   1.5499,   0.2283
2.018090e+13, 102.0784, -42.1838, 116.9181,   0.9720,   1.1727,   0.2496
2.018090e+13, 101.4750, -42.0392, 118.6663,   1.4194,   0.1134,  -0.8486
2.018090e+13, 102.1921, -42.8754, 119.1252,   0.3998,   2.2433,  -0.0154
2.018090e+13, 104.1766, -44.3347, 119.5041,   1.0151,   1.2498,  -0.4439
2.018090e+13, 107.3942, -44.7116, 120.3105,   0.7418,   1.3247,  -0.1321
2.018090e+13, 108.5357, -45.7954, 121.1782,   1.1752,   0.1135,  -0.8944
2.018090e+13, 109.2768, -46.3211, 122.3654,   0.8525,  -0.5905,  -1.2253
2.018090e+13, 109.4196, -47.1663, 123.2223,   0.9397,  -0.4485,  -0.9616
2.018090e+13, 109.8843, -47.6472, 124.0953,   0.4553,   0.0444,  -0.3331
2.018090e+13, 109.9445, -48.3185, 124.6129,   0.5834,   0.3713,  -0.6179
2.018090e+13, 110.6456, -49.1089, 125.3357,   1.1537,   1.0667,  -0.4780
2.018090e+13, 111.4568, -50.5585, 126.3228,   1.2472,   1.0826,  -0.1225
2.018090e+13, 111.5937, -50.8431, 128.1554,   1.2027,   0.7921,  -0.4330
2.018090e+13, 112.8896, -51.8048, 129.1283,   0.9347,   0.2690,  -0.6243
2.018090e+13, 112.5724, -52.7476, 130.6397,   1.1252,   0.6067,  -0.3193
2.018090e+13, 113.3299, -52.9554, 131.7952,   0.9921,   0.6843,  -0.6610
2.018090e+13, 114.7585, -54.1836, 132.5448,   0.4796,   1.3204,   0.3329
2.018090e+13, 117.4726, -53.7293, 132.9879,   0.5462,   1.7016,   0.0530
2.018090e+13, 117.5741, -53.6060, 133.8083,   1.3879,   0.4843,  -0.8469
2.018090e+13, 118.0358, -54.4280, 135.7073,   0.9695,   1.0026,  -0.6701
2.018090e+13, 119.1924, -55.3757, 136.6303,   1.2651,   0.7439,  -0.5827
2.018090e+13, 119.8536, -56.5747, 137.8147,   0.8915,   0.9523,  -0.4600
2.018090e+13, 120.8449, -56.8073, 139.0621,   0.9660,   0.9102,  -0.3824
2.018090e+13, 120.6593, -57.2616, 140.0171,   0.9413,   1.0624,   0.0659
2.018090e+13, 123.1949, -56.4011, 141.2209,   0.8442,   1.9575,   0.6906
2.018090e+13, 123.2629, -56.4032, 142.9192,   1.3096,   0.6834,  -0.6269
2.018090e+13, 124.5680, -57.7499, 143.8386,   1.3406,   0.9166,  -0.7084
2.018090e+13, 124.7056, -58.7322, 145.2249,   1.1929,   0.7838,  -0.6032
2.018090e+13, 124.2001, -59.5072, 147.3672,   1.0777,   0.7794,  -0.2699
2.018090e+13, 125.0172, -60.2849, 147.8015,   1.1804,   0.7569,  -0.6139
2.018090e+13, 126.2464, -61.1571, 149.3110,   1.3080,   1.1487,  -0.2653
2.018090e+13, 127.7010, -61.4783, 149.5489,   0.9368,   0.8611,  -0.4435
2.018090e+13, 127.3534, -62.0064, 151.0642,   1.5292,  -0.3159,  -1.0963
2.018090e+13, 129.0877, -62.5498, 151.6370,   0.5087,   1.8818,   0.0251
2.018090e+13, 131.7141, -62.9968, 151.8113,   0.7597,   1.7624,   0.2546
2.018090e+13, 132.2899, -62.9506, 153.0299,   1.0201,   0.2674,  -0.6317
2.018090e+13, 133.4288, -63.4981, 153.6962,   0.4959,   1.3329,  -0.4866
2.018090e+13, 134.3237, -63.3708, 154.4383,   1.0705,   1.1507,  -0.1543
2.018090e+13, 136.2880, -63.7770, 155.0765,   0.9457,   1.4748,   0.2306
2.018090e+13, 137.3549, -63.3575, 156.2944,   0.7231,   1.0583,  -0.2311
2.018090e+13, 138.1612, -63.0825, 157.1662,   1.0549,   0.6690,  -0.4681
2.018090e+13, 138.8462, -62.7559, 158.9983,   0.7500,   1.2946,  -0.0771
2.018090e+13, 140.2866, -63.5593, 159.3343,   0.8326,   1.2606,   0.0768
2.018090e+13, 140.3996, -63.5757, 160.5463,   0.9499,   1.2158,  -0.1757
2.018090e+13, 142.2497, -64.1574, 161.9182,   1.1790,   1.1738,  -0.1540
2.018090e+13, 142.1886, -64.2256, 163.7457,   1.4402,   0.5809,  -0.4971
2.018090e+13, 143.6275, -65.7935, 164.3358,   1.3043,   0.7612,  -0.4156
2.018090e+13, 144.9292, -66.2400, 164.8825,   1.0956,   0.3933,  -0.5933
2.018090e+13, 145.7503, -67.2537, 165.6141,   0.8348,   1.6979,  -0.2019
2.018090e+13, 147.7995, -67.6268, 166.4103,   0.7169,   1.3629,   0.1915
2.018090e+13, 148.8878, -67.2267, 167.3105,   0.8521,   1.3085,   0.0366
2.018090e+13, 148.4661, -67.3526, 168.2649,   0.9085,   0.7643,  -0.7176
2.018090e+13, 148.3742, -68.2771, 169.8563,   0.8275,   1.0194,  -0.5855
2.018090e+13, 148.7473, -68.0603, 171.5749,   0.9203,   1.3049,  -0.3483
2.018090e+13, 150.2534, -68.6835, 172.4960,   1.2740,   0.6249,  -0.5823
2.018090e+13, 151.0659, -68.9366, 173.7692,   0.6572,   1.4289,   0.3688
2.018090e+13, 152.1272, -70.0673, 174.8168,   0.9367,   0.7583,  -0.6565
2.018090e+13, 152.8526, -70.4915, 176.2630,   0.8211,   0.7493,  -0.5579
2.018090e+13, 153.5368, -71.4199, 176.9504,   0.7526,   1.2549,  -0.2478
2.018090e+13, 154.5829, -72.0612, 177.9952,   0.8119,   0.9954,  -0.3339
2.018090e+13, 156.0873, -72.5894, 178.3866,   1.0505,   1.2432,  -0.2215
2.018090e+13, 156.4830, -72.8986, 179.4363,   1.2300,   0.9995,  -0.5151
2.018090e+13, 157.1374, -73.6197, 181.1021,   1.1927,   0.8807,  -0.3975
2.018090e+13, 159.3633, -74.9748, 181.4611,   1.2247,   0.9116,  -0.6095
2.018090e+13, 159.8034, -74.4264, 183.1069,   1.0482,   1.0421,  -0.3085
2.018090e+13, 160.7459, -75.1550, 184.4578,   0.9249,   0.8151,  -0.4793
2.018090e+13, 160.8175, -75.8932, 185.8096,   0.9536,   0.6921,  -0.4280
2.018090e+13, 160.4770, -75.6970, 186.7054,   0.8883,   0.6767,  -0.3529
2.018090e+13, 161.3345, -75.9900, 187.8875,   0.6995,   1.1856,  -0.1478
2.018090e+13, 162.8785, -76.2646, 188.5474,   0.8379,   1.5923,  -0.2613
2.018090e+13, 164.7843, -76.0945, 188.9862,   0.9235,   1.2873,  -0.0690
2.018090e+13, 166.7838, -76.3570, 189.7309,   1.1957,   0.8110,  -0.4628
2.018090e+13, 166.8796, -77.1629, 191.0926,   0.9957,   0.6980,  -0.7534
2.018090e+13, 167.8145, -78.4162, 192.0037,   1.1352,   0.8129,  -0.6247
2.018090e+13, 168.7884, -78.9715, 193.0281,   1.0187,   1.0305,  -0.6281
2.018090e+13, 168.6531, -79.0834, 194.3467,   0.8917,   0.5944,  -0.4664
2.018090e+13, 170.6420, -79.9850, 195.0373,   0.8883,   1.6358,  -0.0821
2.018090e+13, 171.6735, -80.0487, 195.0562,   0.8804,   0.8625,  -0.4035
2.018090e+13, 172.8966, -80.6237, 196.6625,   1.0129,   1.3085,  -0.2320
2.018090e+13, 174.7157, -80.3136, 197.0890,   1.0400,   1.4953,  -0.2164
2.018090e+13, 175.1434, -80.5062, 198.4316,   1.3571,   0.8911,  -0.3406
2.018090e+13, 175.5064, -80.7966, 200.3765,   1.2621,   1.2174,  -0.1938
2.018090e+13, 176.4561, -81.8315, 201.6623,   1.2912,   0.2689,  -1.0035
2.018090e+13, 176.5783, -82.3897, 203.6838,   1.0803,   1.1064,  -0.3865
2.018090e+13, 177.4161, -83.5280, 204.5988,   0.9373,   1.4103,  -0.1641
2.018090e+13, 178.5709, -83.1551, 205.3172,   0.8321,   0.4687,  -0.2842
2.018090e+13, 178.7221, -83.9169, 206.0662,   0.8453,   0.5792,  -0.7270
2.018090e+13, 179.5996, -84.5446, 207.3370,   0.9657,   0.9716,  -0.3046
2.018090e+13, 179.9518, -84.5344, 208.5857,   0.7212,   1.3824,   0.1179
2.018090e+13, 183.3303, -85.6256, 208.7414,   1.1704,   0.8132,  -0.9016
2.018090e+13, 183.1258, -86.2857, 209.8370,   1.3087,   0.3440,  -0.6138
2.018090e+13, 182.8857, -86.7895, 210.9528,   0.9534,   1.2439,  -0.3696
2.018090e+13, 185.5876, -86.7159, 211.9596,   0.9050,   1.0695,  -0.2843
2.018090e+13, 185.5498, -87.1100, 213.3420,   1.1075,   0.6164,  -0.6132
2.018090e+13, 184.8143, -86.5182, 215.3143,   0.8338,   1.1743,  -0.0473
2.018090e+13, 186.3481, -86.2742, 215.8063,   0.6499,   1.7904,   0.2705
2.018090e+13, 186.2220, -85.6669, 217.3452,   1.1414,   0.5173,  -0.3738
2.018090e+13, 187.1318, -86.8782, 218.3687,   1.1265,   1.0401,  -0.4677
2.018090e+13, 189.1036, -87.0615, 219.4288,   0.9105,   1.7568,   0.0345
2.018090e+13, 190.7784, -88.2355, 219.8732,   1.3804,   0.4794,  -0.6951
2.018090e+13, 189.8212, -88.1550, 221.2746,   0.9750,   0.8433,  -0.3812
2.018090e+13, 191.3862, -89.7798, 222.2254,   1.3561,   0.5518,  -0.5997
2.018090e+13, 191.4939, -90.4519, 223.7701,   1.0833,   1.1425,  -0.3447
2.018090e+13, 193.4592, -91.3192, 224.6432,   0.8958,   0.8890,  -0.3654
2.018090e+13, 195.2714, -91.3046, 225.4530,   1.0195,   0.6902,  -0.4700
2.018090e+13, 195.9316, -91.4866, 227.0868,   1.0229,   1.1394,  -0.3429
2.018090e+13, 197.8832, -91.8636, 227.2698,   0.3738,   1.8570,   0.4811
2.018090e+13, 199.0648, -91.4089, 228.0129,   0.6535,   1.6533,   0.0077
2.018090e+13, 199.6180, -91.4547, 229.3830,   1.3934,   0.4903,  -1.1267
2.018090e+13, 199.5612, -93.0855, 230.7049,   1.2828,   0.4183,  -0.6885
2.018090e+13, 200.5369, -93.0559, 231.4184,   1.0468,   1.4171,  -0.0731
2.018090e+13, 201.6537, -93.5363, 232.4528,   0.7904,   1.0523,  -0.2688
2.018090e+13, 203.4756, -94.5158, 232.9750,   0.7563,   1.0643,  -0.3569
2.018090e+13, 204.3443, -95.0600, 233.6794,   1.1630,   0.5313,  -0.4515
2.018090e+13, 205.4181, -95.3805, 234.6694,   0.7563,   0.9505,  -0.3041
2.018090e+13, 205.2268, -95.0497, 236.1692,   0.9160,   1.0057,   0.0010
2.018090e+13, 206.9818, -95.6293, 236.8615,   0.8851,   1.1341,   0.0229
2.018090e+13, 206.8403, -96.7972, 238.3410,   1.1267,   0.8666,  -0.5994
2.018090e+13, 208.3695, -96.7358, 238.7565,   0.7727,   1.7366,   0.3196
2.018090e+13, 208.8580, -95.5387, 240.1844,   1.2140,   0.7480,  -0.3504
2.018090e+13, 210.0580, -96.0961, 241.1936,   1.4015,   0.3930,  -1.0188
2.018090e+13, 210.7867, -97.5187, 242.1333,   1.1538,   0.5955,  -0.5163
2.018090e+13, 211.0070, -97.2410, 244.3164,   1.1940,   0.5816,  -0.3803
2.018090e+13, 212.3873, -97.5151, 245.5251,   0.9293,   1.0232,  -0.3094
2.018090e+13, 213.0096, -97.5380, 246.8377,   1.0441,   0.6190,  -0.5288
2.018090e+13, 214.4585, -97.3619, 247.6166,   0.7119,   1.3124,  -0.0194
2.018090e+13, 216.0201, -97.8092, 248.1413,   0.7010,   1.6572,  -0.0370
2.018090e+13, 217.0740, -98.4115, 248.6890,   1.1386,   0.7070,  -0.8884
2.018090e+13, 216.6328, -99.7459, 250.3423,   1.1544,   0.6040,  -0.8631
2.018090e+13, 217.5498,-100.8055, 251.7702,   1.3154,   0.4341,  -0.8012
2.018090e+13, 217.6570,-101.1031, 253.1071,   1.0930,   0.8905,  -0.5190
2.018090e+13, 219.3060,-101.6016, 254.0084,   0.7600,   1.1201,  -0.5459
2.018090e+13, 220.8390,-103.0628, 254.8270,   1.4207,   0.3884,  -1.1133
2.018090e+13, 221.0857,-103.2056, 255.7189,   1.1745,   0.9367,   0.2265
2.018090e+13, 222.3119,-103.5394, 256.8036,   1.3716,   0.5937,   0.0088
2.018090e+13, 223.8944,-103.2655, 257.8043,   0.8465,   1.8050,   0.3070
2.018090e+13, 225.1003,-103.6080, 258.7527,   1.3249,   0.7849,  -0.4817
2.018090e+13, 224.8693,-104.4141, 260.1732,   1.1012,   0.6218,  -0.4779
2.018090e+13, 224.8613,-104.7996, 261.3832,   1.4494,   0.2712,  -0.6017
2.018090e+13, 224.9685,-105.4579, 262.9441,   1.3180,   0.5751,  -0.3864
2.018090e+13, 226.0647,-106.6292, 263.5130,   1.0230,   0.2825,  -0.7572
2.018090e+13, 227.7424,-108.2082, 264.5409,   0.6718,   1.2568,  -0.2866
2.018090e+13, 229.2430,-108.8400, 265.0500,   0.9562,   0.9313,  -0.1546
2.018090e+13, 229.6724,-108.4548, 266.3461,   1.3449,   0.7671,  -0.0843
2.018090e+13, 231.0232,-108.4141, 267.4660,   0.4464,   2.0735,   0.0412
2.018090e+13, 232.4839,-108.8315, 268.0896,   0.9882,   1.1680,  -0.5784
2.018090e+13, 233.0556,-109.1732, 268.9982,   0.9815,   0.6009,  -0.6880
2.018090e+13, 233.9129,-109.1836, 270.2368,   0.7075,   1.3470,  -0.4461
2.018090e+13, 235.3707,-110.1601, 271.0944,   1.0532,   0.9802,  -0.5743
2.018090e+13, 235.2769,-109.6699, 272.2196,   0.9522,   0.7357,  -0.4047
2.018090e+13, 236.6892,-111.0494, 272.7624,   0.9104,   0.5424,  -0.5473
2.018090e+13, 237.0367,-111.4544, 274.0233,   0.6778,   1.0693,  -0.2723
2.018090e+13, 238.3217,-111.2371, 274.6196,   1.1900,   1.0913,  -0.1351
2.018090e+13, 241.5128,-111.4173, 275.4250,   0.7710,   1.8424,   0.4951
2.018090e+13, 242.3733,-111.3186, 276.7628,   1.6928,   0.1895,  -0.5502
2.018090e+13, 242.1262,-111.1758, 278.2644,   1.2474,   0.9273,  -0.3944
2.018090e+13, 242.2663,-111.6355, 279.3925,   1.0386,   1.1862,  -0.3445
2.018090e+13, 243.0840,-112.1824, 281.4006,   1.6383,  -0.2193,  -0.8733
2.018090e+13, 243.3275,-113.3604, 282.3139,   0.9050,   0.9258,  -0.5241
2.018090e+13, 244.6870,-113.1865, 283.2858,   0.8884,   1.0311,  -0.0875
2.018090e+13, 246.0745,-114.0758, 284.6508,   1.4131,   0.5364,  -0.0674
2.018090e+13, 246.8847,-114.7118, 285.0890,   0.8251,   1.2697,   0.2274
2.018090e+13, 247.1825,-114.8106, 286.5655,   1.4381,   0.1623,  -1.0777
2.018090e+13, 247.6072,-116.1382, 287.5809,   1.4647,   0.3327,  -0.8138
2.018090e+13, 247.8399,-116.5645, 289.3778,   1.3187,   0.5078,  -0.3145
2.018090e+13, 249.4854,-117.2834, 289.7763,   0.5376,   1.6969,  -0.2788
2.018090e+13, 249.6823,-117.1409, 291.1948,   0.9599,   0.6962,  -0.7556
2.018090e+13, 250.7242,-118.1874, 292.5897,   0.8195,   1.3245,  -0.1597
2.018090e+13, 252.6527,-119.2561, 292.6707,   0.6809,   0.9703,  -0.2519
2.018090e+13, 252.9122,-119.9601, 293.8744,   1.0522,   0.5747,  -0.3457
2.018090e+13, 253.5321,-120.7281, 294.6010,   0.9155,   1.0779,  -0.2389
2.018090e+13, 254.3733,-120.5775, 296.3054,   1.1369,   1.1353,  -0.2003
2.018090e+13, 256.1525,-121.8794, 296.8783,   1.1365,   1.1823,  -0.3122
2.018090e+13, 256.6474,-122.5036, 298.7940,   1.3583,   0.2108,  -0.9077
2.018090e+13, 258.0677,-123.4979, 299.3309,   1.1551,   0.7465,  -0.6463
2.018090e+13, 257.5937,-123.9554, 300.0244,   0.8234,   0.9994,  -0.3738
2.018090e+13, 258.9605,-124.2418, 300.9518,   0.6384,   1.1889,   0.0148
2.018090e+13, 259.6786,-124.2208, 301.7208,   0.8696,   0.8190,   0.0220
2.018090e+13, 260.7122,-124.5002, 303.0630,   0.6041,   1.8183,  -0.1095
2.018090e+13, 261.5859,-123.9743, 303.9286,   0.9218,   1.1490,  -0.2330
2.018090e+13, 262.9235,-124.7708, 304.6130,   1.3119,   0.5087,  -0.6239
2.018090e+13, 264.4260,-125.6067, 305.2896,   0.9088,   1.0395,  -0.6385
2.018090e+13, 265.3918,-127.2004, 306.3267,   0.8126,   1.1510,  -0.6159
2.018090e+13, 265.7772,-127.3010, 308.1692,   0.8370,   0.6668,  -0.5674
2.018090e+13, 266.1422,-127.9760, 309.1660,   0.9562,   0.9552,  -0.3840
2.018090e+13, 266.5755,-127.7309, 310.5581,   0.9441,   0.8697,  -0.2768
2.018090e+13, 268.9254,-129.2283, 311.3200,   1.0427,   1.1817,  -0.1435
2.018090e+13, 269.7563,-129.0585, 312.3175,   1.1129,   0.8902,  -0.2597
2.018090e+13, 272.3090,-129.9378, 312.7712,   0.9876,   1.2821,  -0.2365
2.018090e+13, 272.8059,-129.6564, 313.9669,   1.0182,   1.0451,  -0.6704
2.018090e+13, 273.1133,-130.8277, 315.4725,   1.4780,   0.1219,  -0.9431
2.018090e+13, 273.0032,-131.8889, 316.4710,   1.0573,   0.9808,  -0.6935
2.018090e+13, 274.4579,-132.2537, 317.7564,   0.8806,   1.3234,  -0.3424
2.018090e+13, 273.6640,-132.0677, 319.2099,   1.5113,  -0.0329,  -0.4254
2.018090e+13, 273.6870,-132.2322, 320.7783,   1.0877,   0.4711,  -0.4204
2.018090e+13, 273.6395,-132.0523, 322.1392,   1.1431,   0.6935,  -0.4412
2.018090e+13, 274.6953,-132.3077, 323.1774,   1.1848,   0.5357,  -0.3654
2.018090e+13, 274.9947,-132.9450, 324.1196,   0.9717,   1.2592,  -0.3369
2.018090e+13, 276.1780,-133.4094, 325.4113,   1.1817,   0.8522,  -0.7401
2.018090e+13, 277.2173,-133.5722, 326.2950,   0.8756,   1.2163,  -0.1408
2.018090e+13, 278.4636,-134.0158, 327.4130,   0.7680,   1.1172,  -0.5218
2.018090e+13, 279.6763,-134.4776, 327.9337,   0.6715,   1.5137,   0.0189
2.018090e+13, 280.9815,-134.7523, 328.7378,   1.0532,   0.8020,  -0.0415
2.018090e+13, 281.9146,-135.9781, 330.1476,   1.5085,   0.2454,  -0.6080
2.018090e+13, 282.5794,-136.5631, 331.1140,   1.0080,   0.7119,  -0.2832
2.018090e+13, 284.2017,-137.5129, 331.8320,   1.1948,   0.9032,  -0.3094
2.018090e+13, 285.4486,-137.9588, 332.8905,   1.3860,   0.5114,  -0.5720
2.018090e+13, 286.7555,-139.0664, 333.5766,   0.6243,   1.0978,  -0.8335
2.018090e+13, 286.6852,-140.0313, 334.7425,   1.5600,  -0.1152,  -1.0313
2.018090e+13, 288.0580,-140.4927, 335.4372,   0.8897,   1.2397,  -0.3952
2.018090e+13, 289.6483,-140.5517, 336.1788,   0.4949,   1.3427,  -0.1927
2.018090e+13, 289.6705,-140.4280, 337.4957,   1.1273,   0.6490,  -0.2872
2.018090e+13, 291.3189,-141.4946, 338.7449,   0.9599,   0.7083,  -0.2195
2.018090e+13, 293.1143,-141.3662, 339.2947,   0.7335,   1.4205,  -0.0761
2.018090e+13, 294.3249,-141.1784, 340.5047,   0.9662,   1.1958,  -0.2657
2.018090e+13, 294.0806,-140.9718, 341.7285,   1.1565,   0.9625,  -0.3054
2.018090e+13, 295.6095,-141.4800, 342.3391,   0.6742,   1.5932,  -0.6934
2.018090e+13, 296.5238,-141.7056, 343.2272,   0.8566,   0.9679,  -0.8571
2.018090e+13, 296.6867,-141.5345, 344.3971,   0.9085,   0.8340,  -0.4907
2.018090e+13, 298.0568,-142.2764, 345.7870,   1.0374,   0.9313,  -0.4391
2.018090e+13, 299.4565,-142.1220, 346.2452,   0.2731,   2.0349,   0.1756
2.018090e+13, 300.8868,-141.7869, 347.0484,   1.0714,   1.1655,  -0.3514
2.018090e+13, 301.0063,-141.4224, 348.5692,   1.0670,   1.2092,  -0.1382
2.018090e+13, 302.4324,-141.5103, 349.5224,   1.1359,   0.8641,  -0.3963
2.018090e+13, 303.7651,-142.1138, 350.2924,   1.2805,   0.8283,  -0.0746
2.018090e+13, 305.5946,-142.5636, 350.8132,   0.9088,   0.8474,  -0.8337
2.018090e+13, 305.2824,-144.0345, 352.5790,   1.5241,  -0.1192,  -1.3210
2.018090e+13, 305.3931,-144.0113, 353.6244,   0.5926,   1.8154,  -0.0205
2.018090e+13, 305.5109,-143.3177, 355.1740,   0.7602,   1.0537,  -0.5637
2.018090e+13, 306.1957,-144.2153, 355.7327,   0.8387,   1.0379,  -0.0663
2.018090e+13, 308.1140,-144.3139, 356.6028,   1.0677,   1.1001,  -0.4325
2.018090e+13, 308.2942,-144.1774, 358.0367,   1.3535,   0.4574,  -0.4496
2.018090e+13, 310.7150,-144.2240, 359.0777,   0.9473,   1.3249,  -0.4626
2.018090e+13, 312.4854,-144.8984, 359.6377,   0.5031,   1.6191,  -0.2714
2.018090e+13, 312.4878,-145.1495, 361.1314,   2.2277,  -1.1839,  -1.2928
2.018090e+13, 311.6622,-145.7133, 363.0904,   0.6485,   1.9116,  -0.2342
2.018090e+13, 313.4179,-145.9392, 363.8127,   1.0014,   0.8269,  -0.2611
2.018090e+13, 313.8470,-146.5546, 365.5553,   1.1407,   0.4557,  -0.6599
2.018090e+13, 314.9312,-146.2768, 366.5420,   0.5752,   1.7499,   0.1043
2.018090e+13, 316.1987,-146.9034, 367.8327,   0.8856,   0.8666,  -0.2461
2.018090e+13, 316.6767,-146.4780, 369.0368,   0.9316,   0.8502,  -0.2954
2.018090e+13, 318.8976,-148.1068, 370.0271,   1.4701,   0.4711,  -0.4017
2.018090e+13, 318.6119,-147.8292, 371.0383,   0.9797,   0.5444,  -0.4927
2.018090e+13, 319.4295,-147.9878, 372.6452,   1.4494,  -0.5391,  -1.1160
2.018090e+13, 320.2327,-148.6162, 373.4876,   0.9349,   0.8385,  -0.5603
2.018090e+13, 321.8051,-149.1716, 374.0535,   1.5879,   0.5034,  -0.3091
2.018090e+13, 323.2462,-148.7872, 374.8264,   0.2529,   1.8028,   0.0423
2.018090e+13, 326.3870,-148.4184, 375.5524,   0.4063,   2.1911,   0.5734
2.018090e+13, 330.7324,-148.5983, 375.6602,   0.5714,   1.7772,   0.0618
2.018090e+13, 330.0577,-148.2351, 377.0623,   0.9043,   1.0510,  -0.4985
2.018090e+13, 330.6188,-149.0195, 378.2930,   0.7782,   1.3109,  -0.2501
2.018090e+13, 330.8684,-149.7287, 379.4429,   0.7213,   0.7413,  -0.5087
2.018090e+13, 332.6727,-150.7447, 379.8386,   0.2927,   1.5576,  -0.1076
2.018090e+13, 333.5725,-150.7025, 380.0329,   0.3764,   1.4855,  -0.0391
2.018090e+13, 334.3277,-150.9949, 380.4760,   0.7359,   1.3947,   0.0616
2.018090e+13, 336.0757,-151.7537, 381.4114,   1.4933,   0.7106,  -0.4530
2.018090e+13, 335.1755,-151.5405, 383.5828,   0.8125,   1.3255,  -0.0837
2.018090e+13, 336.9189,-152.0257, 384.2628,   1.2137,   1.0313,  -0.3118
2.018090e+13, 337.8365,-153.5418, 384.8375,   1.1629,   0.7815,  -0.7045
2.018090e+13, 337.3514,-154.2531, 386.4008,   1.3850,   0.3797,  -0.5280
2.018090e+13, 336.4713,-154.6769, 388.0601,   1.0085,   1.3589,  -0.1055
2.018090e+13, 338.1528,-155.8362, 389.1872,   1.2425,   0.2444,  -0.3372
2.018090e+13, 337.6050,-155.8801, 390.7208,   1.0638,   0.8551,  -0.0617
2.018090e+13, 337.8844,-155.7025, 391.9915,   1.2006,   1.2614,   0.1915
2.018090e+13, 339.2043,-156.8893, 392.6071,   0.6628,   1.2128,  -0.5522
2.018090e+13, 339.9518,-157.4788, 392.6865,   1.2374,   0.6288,  -0.9678
2.018090e+13, 340.3694,-159.0240, 394.5534,   1.1657,  -0.2256,  -0.8184
2.018090e+13, 341.2214,-159.0252, 394.2120,   0.8881,   1.1541,   0.0024
2.018090e+13, 342.4516,-159.9561, 395.5567,   1.4859,   0.4847,  -0.4479
2.018090e+13, 343.4085,-160.3078, 397.1707,   0.9095,   0.6810,  -0.2379
2.018090e+13, 343.5443,-161.7432, 397.3584,   1.1577,   0.1799,  -0.8882
2.018090e+13, 344.3598,-162.5976, 398.1477,   0.9373,   1.0810,  -0.4225
2.018090e+13, 345.3148,-162.9750, 398.6974,   1.2187,   0.2935,  -0.5767
2.018090e+13, 345.9739,-163.9173, 398.4270,   1.1726,   0.2567,  -0.6161
2.018090e+13, 346.9280,-164.7391, 401.9563,   1.1839,   0.4923,  -0.4979
2.018090e+13, 347.2184,-165.7068, 402.5779,   1.1981,  -0.3047,  -0.8399
2.018090e+13, 348.3350,-167.2317, 402.1158,   0.7909,   1.1387,  -0.2433
2.018090e+13, 349.1784,-167.2850, 404.2695,   1.0567,   1.0162,  -0.1734
2.018090e+13, 350.7440,-168.1105, 404.5606,   0.7820,   1.5459,  -0.0573
2.018090e+13, 351.4358,-168.0887, 406.5581,   1.0470,   0.9511,  -0.2826
2.018090e+13, 352.4656,-168.5406, 407.3096,   1.3910,   0.6614,  -0.8662
2.018090e+13, 353.3083,-169.7024, 408.6352,   1.0002,   0.7314,  -0.6411
2.018090e+13, 354.4129,-170.0611, 410.7600,   0.7496,   0.5309,  -0.2799
2.018090e+13, 354.5774,-170.4502, 411.8942,   1.1671,   0.6783,  -0.4241
2.018090e+13, 356.2982,-170.9604, 412.4422,   0.5379,   1.4341,   0.0393
2.018090e+13, 356.4996,-171.1582, 414.2842,   1.5597,   0.6400,  -0.3907
