$GPFPD,-0001,220651.000,00,00,00,31.0258268,121.4432080,  -17.081,    1.251,   -0.794,   -0.750,00
$GPFPD,-0001,220652.000,00,00,00,31.0258399,121.4431983,  -15.339,   -4.816,   -2.528,    0.666,00
$GPFPD,-0001,220653.000,00,00,00,31.0258560,121.4432177,   -9.440,   -9.871,   -3.141,    2.515,00
$GPFPD,-0001,220654.000,00,00,00,31.0258691,121.4432775,   -1.990,  -14.112,   -3.246,    4.221,00
$GPFPD,-0001,220655.000,00,00,00,31.0258546,121.4433320,    8.346,  -17.256,   -1.890,    5.212,00
$GPFPD,-0001,220656.000,00,00,00,31.0258277,121.4433635,   19.086,  -18.737,    0.220,    5.572,00
$GPFPD,-0001,220657.000,00,00,00,31.0257828,121.4433821,   28.378,  -19.028,    2.348,    5.141,00
$GPFPD,-0001,220658.000,00,00,00,31.0257429,121.4433833,   41.260,  -18.953,    4.941,    5.364,00
$GPFPD,-0001,220659.000,00,00,00,31.0257337,121.4433750,   42.167,  -17.338,    4.834,    4.800,00
$GPFPD,-0001,220660.000,00,00,00,31.0257361,121.4433325,   43.748,  -15.134,    5.143,    4.604,00
$GPFPD,-0001,220661.000,00,00,00,31.0257372,121.4432795,   45.266,  -13.062,    5.405,    4.260,00
$GPFPD,-0001,220662.000,00,00,00,31.0257176,121.4432559,   45.153,  -11.871,    5.200,    3.313,00
$GPFPD,-0001,220663.000,00,00,00,31.0257047,121.4432199,   36.193,   -9.895,    4.059,    1.775,00
$GPFPD,-0001,220664.000,00,00,00,31.0256935,121.4432069,   38.295,   -9.130,    4.241,    1.635,00
$GPFPD,-0001,220665.000,00,00,00,31.0256960,121.4431970,   38.009,   -8.290,    3.851,    1.582,00
$GPFPD,-0001,220666.000,00,00,00,31.0257063,121.4431778,   34.964,   -7.257,    3.076,    1.388,00
$GPFPD,-0001,220667.000,00,00,00,31.0257073,121.4431547,   34.326,   -6.431,    2.759,    1.244,00
$GPFPD,-0001,220668.000,00,00,00,31.0257070,121.4431315,   30.249,   -5.378,    2.116,    0.760,00
$GPFPD,-0001,220669.000,00,00,00,31.0256932,121.4431229,   30.562,   -4.952,    1.979,    0.496,00
$GPFPD,-0001,220670.000,00,00,00,31.0256978,121.4431082,   28.170,   -4.265,    1.643,    0.379,00
$GPFPD,-0001,220671.000,00,00,00,31.0256960,121.4430835,   34.579,   -3.921,    2.536,    0.909,00
$GPFPD,-0001,220672.000,00,00,00,31.0257135,121.4430636,   31.700,   -3.055,    2.191,    0.930,00
$GPFPD,-0001,220673.000,00,00,00,31.0257056,121.4430372,   32.234,   -2.474,    2.550,    0.838,00
$GPFPD,-0001,220674.000,00,00,00,31.0257138,121.4430070,   30.678,   -1.814,    2.642,    0.890,00
$GPFPD,-0001,220675.000,00,00,00,31.0257001,121.4429761,   31.205,   -1.398,    3.046,    0.843,00
$GPFPD,-0001,220676.000,00,00,00,31.0256980,121.4429514,   29.594,   -0.853,    3.112,    0.813,00
$GPFPD,-0001,220677.000,00,00,00,31.0256879,121.4429276,   27.536,   -0.323,    3.311,    0.664,00
$GPFPD,-0001,220678.000,00,00,00,31.0256842,121.4428952,   34.121,   -0.199,    4.268,    1.288,00
$GPFPD,-0001,220679.000,00,00,00,31.0256926,121.4428759,   36.483,   -0.053,    4.495,    1.702,00
$GPFPD,-0001,220680.000,00,00,00,31.0256794,121.4428537,   37.869,    0.207,    4.846,    1.745,00
$GPFPD,-0001,220681.000,00,00,00,31.0256978,121.4428238,   31.488,    0.898,    4.233,    1.602,00
$GPFPD,-0001,220682.000,00,00,00,31.0256967,121.4428139,   33.021,    0.721,    4.108,    1.657,00
$GPFPD,-0001,220683.000,00,00,00,31.0256976,121.4427971,   35.382,    0.600,    4.018,    1.696,00
$GPFPD,-0001,220684.000,00,00,00,31.0256930,121.4427899,   34.055,    0.520,    3.364,    1.333,00
$GPFPD,-0001,220685.000,00,00,00,31.0256645,121.4427852,   32.483,    0.362,    2.822,    0.748,00
$GPFPD,-0001,220686.000,00,00,00,31.0256611,121.4427815,   27.428,    0.458,    2.069,    0.382,00
$GPFPD,-0001,220687.000,00,00,00,31.0256681,121.4427846,   26.459,    0.394,    1.746,    0.433,00
$GPFPD,-0001,220688.000,00,00,00,31.0256718,121.4427715,   23.459,    0.636,    1.423,    0.270,00
$GPFPD,-0001,220689.000,00,00,00,31.0256895,121.4427596,   24.489,    0.615,    1.097,    0.481,00
$GPFPD,-0001,220690.000,00,00,00,31.0256857,121.4427417,   26.330,    0.432,    0.911,    0.446,00
$GPFPD,-0001,220691.000,00,00,00,31.0256813,121.4427322,   26.979,    0.305,    0.735,    0.338,00
$GPFPD,-0001,220692.000,00,00,00,31.0256725,121.4427190,   25.854,    0.384,    0.555,    0.059,00
$GPFPD,-0001,220693.000,00,00,00,31.0256534,121.4427371,   25.922,    0.055,    0.226,   -0.324,00
$GPFPD,-0001,220694.000,00,00,00,31.0256560,121.4427344,   23.674,    0.059,   -0.207,   -0.469,00
$GPFPD,-0001,220695.000,00,00,00,31.0256389,121.4427195,   24.216,    0.009,   -0.135,   -0.624,00
$GPFPD,-0001,220696.000,00,00,00,31.0256404,121.4427057,   20.335,    0.225,   -0.369,   -0.836,00
$GPFPD,-0001,220697.000,00,00,00,31.0256375,121.4426855,   20.500,    0.488,   -0.049,   -0.755,00
$GPFPD,-0001,220698.000,00,00,00,31.0256242,121.4426777,   20.544,    0.443,    0.007,   -0.869,00
$GPFPD,-0001,220699.000,00,00,00,31.0256078,121.4426690,   19.255,    0.298,   -0.270,   -1.213,00
$GPFPD,-0001,220700.000,00,00,00,31.0256076,121.4426361,   17.045,    0.622,   -0.469,   -1.363,00
$GPFPD,-0001,220701.000,00,00,00,31.0256216,121.4426253,   17.205,    0.660,   -0.729,   -1.204,00
$GPFPD,-0001,220702.000,00,00,00,31.0256135,121.4426014,   17.689,    0.681,   -0.685,   -1.301,00
$GPFPD,-0001,220703.000,00,00,00,31.0256247,121.4425894,   16.813,    0.788,   -0.642,   -1.138,00
$GPFPD,-0001,220704.000,00,00,00,31.0256257,121.4425616,   18.962,    1.031,   -0.156,   -0.941,00
$GPFPD,-0001,220705.000,00,00,00,31.0256050,121.4425521,   17.702,    0.959,   -0.227,   -1.362,00
$GPFPD,-0001,220706.000,00,00,00,31.0255967,121.4425489,   14.917,    0.675,   -0.764,   -1.832,00
$GPFPD,-0001,220707.000,00,00,00,31.0255816,121.4425477,   15.168,    0.297,   -1.092,   -2.321,00
$GPFPD,-0001,220708.000,00,00,00,31.0255778,121.4425358,   16.188,    0.115,   -1.438,   -2.610,00
$GPFPD,-0001,220709.000,00,00,00,31.0255686,121.4425290,   15.522,   -0.091,   -1.863,   -2.967,00
$GPFPD,-0001,220710.000,00,00,00,31.0255934,121.4425132,   16.824,   -0.133,   -2.205,   -2.595,00
$GPFPD,-0001,220711.000,00,00,00,31.0255900,121.4425194,   18.129,   -0.244,   -2.310,   -2.455,00
$GPFPD,-0001,220712.000,00,00,00,31.0255695,121.4425105,   16.464,   -0.159,   -2.416,   -2.693,00
$GPFPD,-0001,220713.000,00,00,00,31.0255773,121.4425152,   15.542,   -0.278,   -2.713,   -2.524,00
$GPFPD,-0001,220714.000,00,00,00,31.0255928,121.4425099,   15.994,   -0.333,   -2.778,   -2.136,00
$GPFPD,-0001,220715.000,00,00,00,31.0256046,121.4425084,   14.553,   -0.293,   -2.861,   -1.899,00
$GPFPD,-0001,220716.000,00,00,00,31.0256042,121.4425035,   16.864,   -0.301,   -2.583,   -1.678,00
$GPFPD,-0001,220717.000,00,00,00,31.0255839,121.4424990,   16.810,   -0.413,   -2.634,   -1.954,00
$GPFPD,-0001,220718.000,00,00,00,31.0255750,121.4424979,   15.673,   -0.545,   -2.947,   -2.113,00
$GPFPD,-0001,220719.000,00,00,00,31.0255763,121.4424939,   14.389,   -0.508,   -3.121,   -2.081,00
$GPFPD,-0001,220720.000,00,00,00,31.0255739,121.4424810,   15.265,   -0.435,   -3.039,   -1.985,00
$GPFPD,-0001,220721.000,00,00,00,31.0255745,121.4424778,   13.108,   -0.250,   -3.240,   -2.028,00
$GPFPD,-0001,220722.000,00,00,00,31.0255861,121.4424778,   14.275,   -0.157,   -3.183,   -1.704,00
$GPFPD,-0001,220723.000,00,00,00,31.0255768,121.4424459,   13.241,    0.223,   -2.816,   -1.726,00
$GPFPD,-0001,220724.000,00,00,00,31.0255620,121.4424283,   14.725,    0.351,   -2.280,   -1.626,00
$GPFPD,-0001,220725.000,00,00,00,31.0255673,121.4424152,   14.889,    0.574,   -2.048,   -1.426,00
$GPFPD,-0001,220726.000,00,00,00,31.0255710,121.4423976,   16.724,    0.728,   -1.731,   -1.197,00
$GPFPD,-0001,220727.000,00,00,00,31.0255657,121.4423660,   13.915,    1.040,   -1.594,   -1.337,00
$GPFPD,-0001,220728.000,00,00,00,31.0255590,121.4423453,   11.471,    1.183,   -1.540,   -1.421,00
$GPFPD,-0001,220729.000,00,00,00,31.0255555,121.4423267,   13.506,    1.228,   -1.229,   -1.210,00
$GPFPD,-0001,220730.000,00,00,00,31.0255565,121.4423131,   14.524,    1.279,   -1.115,   -1.062,00
$GPFPD,-0001,220731.000,00,00,00,31.0255540,121.4422988,   11.247,    1.374,   -1.259,   -1.195,00
$GPFPD,-0001,220732.000,00,00,00,31.0255481,121.4422757,   15.741,    1.362,   -0.589,   -0.833,00
$GPFPD,-0001,220733.000,00,00,00,31.0255485,121.4422500,   13.564,    1.724,   -0.314,   -0.749,00
$GPFPD,-0001,220734.000,00,00,00,31.0255429,121.4422391,   16.991,    1.635,    0.038,   -0.554,00
$GPFPD,-0001,220735.000,00,00,00,31.0255434,121.4422227,   21.385,    1.424,    0.266,   -0.417,00
$GPFPD,-0001,220736.000,00,00,00,31.0255408,121.4422090,   20.240,    1.293,    0.115,   -0.693,00
$GPFPD,-0001,220737.000,00,00,00,31.0255485,121.4421892,   23.849,    1.216,    0.388,   -0.543,00
$GPFPD,-0001,220738.000,00,00,00,31.0255589,121.4421786,   24.550,    1.189,    0.355,   -0.596,00
$GPFPD,-0001,220739.000,00,00,00,31.0255479,121.4421539,   27.608,    1.118,    0.741,   -0.696,00
$GPFPD,-0001,220740.000,00,00,00,31.0255489,121.4421507,   27.315,    0.882,    0.631,   -0.854,00
$GPFPD,-0001,220741.000,00,00,00,31.0255549,121.4421346,   27.682,    0.906,    0.733,   -0.886,00
$GPFPD,-0001,220742.000,00,00,00,31.0255674,121.4421289,   27.238,    1.004,    0.786,   -0.887,00
$GPFPD,-0001,220743.000,00,00,00,31.0255703,121.4421129,   29.062,    0.957,    0.929,   -0.732,00
$GPFPD,-0001,220744.000,00,00,00,31.0255748,121.4421142,   29.718,    0.776,    0.906,   -0.535,00
$GPFPD,-0001,220745.000,00,00,00,31.0255675,121.4421045,   32.451,    0.783,    1.370,   -0.323,00
$GPFPD,-0001,220746.000,00,00,00,31.0255563,121.4420929,   37.672,    0.721,    1.849,   -0.090,00
$GPFPD,-0001,220747.000,00,00,00,31.0255508,121.4421074,   37.674,    0.330,    1.312,   -0.283,00
$GPFPD,-0001,220748.000,00,00,00,31.0255474,121.4420954,   36.047,    0.234,    0.840,   -0.474,00
$GPFPD,-0001,220749.000,00,00,00,31.0255484,121.4421057,   36.829,    0.126,    0.697,   -0.336,00
$GPFPD,-0001,220750.000,00,00,00,31.0255325,121.4420910,   35.970,    0.327,    0.775,   -0.521,00
$GPFPD,-0001,220751.000,00,00,00,31.0255105,121.4420792,   32.147,    0.443,    0.636,   -0.950,00
$GPFPD,-0001,220752.000,00,00,00,31.0254996,121.4420601,   29.492,    0.625,    0.652,   -1.055,00
$GPFPD,-0001,220753.000,00,00,00,31.0254884,121.4420347,   29.046,    0.869,    0.872,   -1.040,00
$GPFPD,-0001,220754.000,00,00,00,31.0254724,121.4420173,   29.276,    1.016,    1.022,   -1.104,00
$GPFPD,-0001,220755.000,00,00,00,31.0254446,121.4419954,   28.183,    1.008,    1.030,   -1.384,00
$GPFPD,-0001,220756.000,00,00,00,31.0254372,121.4419835,   29.873,    0.894,    1.209,   -1.206,00
$GPFPD,-0001,220757.000,00,00,00,31.0254330,121.4419701,   28.837,    1.024,    1.351,   -1.159,00
$GPFPD,-0001,220758.000,00,00,00,31.0254012,121.4419447,   27.312,    1.153,    1.537,   -1.576,00
$GPFPD,-0001,220759.000,00,00,00,31.0253915,121.4419377,   27.424,    0.956,    1.353,   -1.634,00
$GPFPD,-0001,220760.000,00,00,00,31.0253923,121.4419169,   27.847,    0.900,    1.281,   -1.389,00
$GPFPD,-0001,220761.000,00,00,00,31.0253877,121.4419104,   28.878,    0.796,    1.412,   -1.110,00
$GPFPD,-0001,220762.000,00,00,00,31.0253978,121.4418969,   27.687,    1.003,    1.357,   -0.873,00
$GPFPD,-0001,220763.000,00,00,00,31.0253949,121.4418860,   28.533,    1.001,    1.214,   -0.816,00
$GPFPD,-0001,220764.000,00,00,00,31.0253933,121.4418772,   26.540,    0.962,    0.706,   -0.896,00
$GPFPD,-0001,220765.000,00,00,00,31.0253994,121.4418765,   26.081,    0.805,    0.336,   -0.746,00
$GPFPD,-0001,220766.000,00,00,00,31.0253811,121.4418612,   25.615,    0.795,    0.343,   -0.874,00
$GPFPD,-0001,220767.000,00,00,00,31.0253744,121.4418536,   24.663,    0.839,    0.245,   -0.908,00
$GPFPD,-0001,220768.000,00,00,00,31.0253639,121.4418430,   24.450,    0.847,    0.157,   -0.979,00
$GPFPD,-0001,220769.000,00,00,00,31.0253627,121.4418209,   25.246,    0.814,   -0.065,   -0.970,00
$GPFPD,-0001,220770.000,00,00,00,31.0253643,121.4418054,   23.786,    0.770,   -0.417,   -1.047,00
$GPFPD,-0001,220771.000,00,00,00,31.0253876,121.4418107,   22.821,    0.735,   -0.687,   -0.741,00
$GPFPD,-0001,220772.000,00,00,00,31.0253799,121.4417932,   20.236,    1.007,   -0.626,   -0.917,00
$GPFPD,-0001,220773.000,00,00,00,31.0253796,121.4417738,   19.624,    1.145,   -0.624,   -0.973,00
$GPFPD,-0001,220774.000,00,00,00,31.0253836,121.4417641,   20.805,    1.011,   -0.679,   -0.835,00
$GPFPD,-0001,220775.000,00,00,00,31.0253748,121.4417521,   20.280,    0.990,   -0.618,   -0.822,00
$GPFPD,-0001,220776.000,00,00,00,31.0253678,121.4417376,   21.227,    1.013,   -0.382,   -0.676,00
$GPFPD,-0001,220777.000,00,00,00,31.0253672,121.4417141,   18.622,    1.234,   -0.429,   -0.733,00
$GPFPD,-0001,220778.000,00,00,00,31.0253512,121.4417004,   19.466,    1.129,   -0.297,   -0.870,00
$GPFPD,-0001,220779.000,00,00,00,31.0253655,121.4416940,   18.685,    1.060,   -0.461,   -0.712,00
$GPFPD,-0001,220780.000,00,00,00,31.0253584,121.4416674,   20.803,    0.995,   -0.159,   -0.610,00
$GPFPD,-0001,220781.000,00,00,00,31.0253753,121.4416648,   21.341,    0.898,   -0.250,   -0.355,00
$GPFPD,-0001,220782.000,00,00,00,31.0253690,121.4416499,   21.503,    0.961,   -0.129,   -0.445,00
$GPFPD,-0001,220783.000,00,00,00,31.0253643,121.4416369,   19.670,    1.063,   -0.196,   -0.685,00
$GPFPD,-0001,220784.000,00,00,00,31.0253752,121.4416303,   16.623,    1.172,   -0.358,   -0.715,00
$GPFPD,-0001,220785.000,00,00,00,31.0253569,121.4416103,   15.819,    1.177,   -0.099,   -0.873,00
$GPFPD,-0001,220786.000,00,00,00,31.0253308,121.4415891,   16.763,    1.162,    0.418,   -0.921,00
$GPFPD,-0001,220787.000,00,00,00,31.0253309,121.4415743,   16.652,    1.339,    0.668,   -0.753,00
$GPFPD,-0001,220788.000,00,00,00,31.0253484,121.4415517,   18.211,    1.660,    1.072,   -0.299,00
$GPFPD,-0001,220789.000,00,00,00,31.0253818,121.4415414,   21.464,    1.649,    1.335,    0.404,00
$GPFPD,-0001,220790.000,00,00,00,31.0254046,121.4415236,   20.491,    1.719,    1.215,    0.658,00
$GPFPD,-0001,220791.000,00,00,00,31.0254314,121.4415038,   24.484,    1.657,    1.619,    1.264,00
$GPFPD,-0001,220792.000,00,00,00,31.0254377,121.4414759,   28.337,    1.759,    2.211,    1.565,00
$GPFPD,-0001,220793.000,00,00,00,31.0254461,121.4414635,   27.260,    1.890,    2.170,    1.474,00
$GPFPD,-0001,220794.000,00,00,00,31.0254573,121.4414362,   29.496,    1.903,    2.417,    1.598,00
$GPFPD,-0001,220795.000,00,00,00,31.0254623,121.4414136,   31.150,    1.837,    2.654,    1.615,00
$GPFPD,-0001,220796.000,00,00,00,31.0254736,121.4413902,   31.395,    2.004,    2.914,    1.690,00
$GPFPD,-0001,220797.000,00,00,00,31.0254847,121.4413622,   34.955,    2.113,    3.462,    1.971,00
$GPFPD,-0001,220798.000,00,00,00,31.0254798,121.4413377,   39.440,    1.997,    3.907,    2.043,00
$GPFPD,-0001,220799.000,00,00,00,31.0254712,121.4413248,   38.629,    1.836,    3.601,    1.759,00
$GPFPD,-0001,220800.000,00,00,00,31.0254709,121.4413291,   37.369,    1.541,    3.203,    1.652,00
$GPFPD,-0001,220801.000,00,00,00,31.0254660,121.4413263,   39.783,    1.300,    3.371,    1.766,00
$GPFPD,-0001,220802.000,00,00,00,31.0254462,121.4413345,   39.625,    1.126,    3.314,    1.489,00
$GPFPD,-0001,220803.000,00,00,00,31.0254321,121.4413268,   39.177,    1.127,    3.230,    1.256,00
$GPFPD,-0001,220804.000,00,00,00,31.0254264,121.4413197,   42.072,    0.818,    3.203,    1.330,00
$GPFPD,-0001,220805.000,00,00,00,31.0254260,121.4413231,   44.244,    0.475,    3.013,    1.413,00
$GPFPD,-0001,220806.000,00,00,00,31.0254218,121.4413045,   45.570,    0.517,    2.968,    1.382,00
$GPFPD,-0001,220807.000,00,00,00,31.0254228,121.4413029,   44.499,    0.519,    2.566,    1.194,00
$GPFPD,-0001,220808.000,00,00,00,31.0253936,121.4413074,   42.461,    0.293,    2.125,    0.523,00
$GPFPD,-0001,220809.000,00,00,00,31.0253806,121.4412986,   43.023,    0.111,    1.900,    0.326,00
$GPFPD,-0001,220810.000,00,00,00,31.0253639,121.4412989,   39.944,    0.078,    1.566,   -0.022,00
$GPFPD,-0001,220811.000,00,00,00,31.0253370,121.4413019,   38.555,    0.099,    1.599,   -0.321,00
$GPFPD,-0001,220812.000,00,00,00,31.0252900,121.4412940,   43.729,   -0.077,    2.272,   -0.442,00
$GPFPD,-0001,220813.000,00,00,00,31.0252631,121.4412897,   40.474,   -0.084,    1.907,   -0.906,00
$GPFPD,-0001,220814.000,00,00,00,31.0252364,121.4412768,   37.859,   -0.019,    1.808,   -1.215,00
$GPFPD,-0001,220815.000,00,00,00,31.0252238,121.4412510,   32.825,    0.456,    1.650,   -1.400,00
$GPFPD,-0001,220816.000,00,00,00,31.0251950,121.4412305,   35.977,    0.575,    2.264,   -1.258,00
$GPFPD,-0001,220817.000,00,00,00,31.0251700,121.4412237,   37.813,    0.470,    2.478,   -1.159,00
$GPFPD,-0001,220818.000,00,00,00,31.0251444,121.4412191,   37.173,    0.336,    2.344,   -1.209,00
$GPFPD,-0001,220819.000,00,00,00,31.0251327,121.4411904,   37.346,    0.490,    2.313,   -1.061,00
$GPFPD,-0001,220820.000,00,00,00,31.0251280,121.4411695,   32.892,    0.811,    1.865,   -1.229,00
$GPFPD,-0001,220821.000,00,00,00,31.0251139,121.4411478,   33.422,    0.941,    1.950,   -1.221,00
$GPFPD,-0001,220822.000,00,00,00,31.0251109,121.4411293,   31.934,    1.018,    1.698,   -1.278,00
$GPFPD,-0001,220823.000,00,00,00,31.0251033,121.4411194,   28.802,    0.954,    1.300,   -1.471,00
$GPFPD,-0001,220824.000,00,00,00,31.0250995,121.4410963,   27.977,    1.115,    1.357,   -1.460,00
$GPFPD,-0001,220825.000,00,00,00,31.0250917,121.4410859,   26.371,    1.224,    1.272,   -1.569,00
$GPFPD,-0001,220826.000,00,00,00,31.0250864,121.4410739,   23.382,    1.279,    0.893,   -1.793,00
$GPFPD,-0001,220827.000,00,00,00,31.0250841,121.4410648,   23.691,    1.012,    0.552,   -1.760,00
$GPFPD,-0001,220828.000,00,00,00,31.0250818,121.4410601,   24.211,    0.712,    0.333,   -1.680,00
$GPFPD,-0001,220829.000,00,00,00,31.0250715,121.4410503,   27.288,    0.557,    0.695,   -1.492,00
$GPFPD,-0001,220830.000,00,00,00,31.0250615,121.4410438,   26.523,    0.598,    0.646,   -1.553,00
$GPFPD,-0001,220831.000,00,00,00,31.0250540,121.4410297,   26.466,    0.696,    0.712,   -1.608,00
$GPFPD,-0001,220832.000,00,00,00,31.0250430,121.4410202,   23.346,    0.617,    0.302,   -1.946,00
$GPFPD,-0001,220833.000,00,00,00,31.0250382,121.4410028,   21.127,    0.586,    0.002,   -2.071,00
$GPFPD,-0001,220834.000,00,00,00,31.0250448,121.4409901,   20.573,    0.582,   -0.076,   -1.932,00
$GPFPD,-0001,220835.000,00,00,00,31.0250297,121.4409729,   21.357,    0.595,    0.113,   -2.005,00
$GPFPD,-0001,220836.000,00,00,00,31.0250189,121.4409630,   20.297,    0.562,   -0.111,   -2.208,00
$GPFPD,-0001,220837.000,00,00,00,31.0250175,121.4409532,   20.696,    0.445,   -0.207,   -2.135,00
$GPFPD,-0001,220838.000,00,00,00,31.0250320,121.4409417,   17.711,    0.478,   -0.581,   -2.059,00
$GPFPD,-0001,220839.000,00,00,00,31.0250314,121.4409244,   17.758,    0.438,   -0.567,   -1.914,00
$GPFPD,-0001,220840.000,00,00,00,31.0250302,121.4409283,   16.628,    0.354,   -0.726,   -1.852,00
$GPFPD,-0001,220841.000,00,00,00,31.0250218,121.4409096,   15.772,    0.599,   -0.586,   -1.813,00
$GPFPD,-0001,220842.000,00,00,00,31.0250154,121.4408987,   12.138,    0.693,   -0.773,   -2.019,00
$GPFPD,-0001,220843.000,00,00,00,31.0250143,121.4408856,   11.680,    0.549,   -0.829,   -2.030,00
$GPFPD,-0001,220844.000,00,00,00,31.0250207,121.4408710,   10.341,    0.525,   -1.044,   -1.947,00
$GPFPD,-0001,220845.000,00,00,00,31.0250235,121.4408589,   11.365,    0.507,   -1.034,   -1.723,00
$GPFPD,-0001,220846.000,00,00,00,31.0250190,121.4408289,   11.633,    0.787,   -0.801,   -1.597,00
$GPFPD,-0001,220847.000,00,00,00,31.0250199,121.4408224,   11.505,    0.786,   -0.677,   -1.413,00
$GPFPD,-0001,220848.000,00,00,00,31.0250104,121.4408110,   13.095,    0.698,   -0.248,   -1.205,00
$GPFPD,-0001,220849.000,00,00,00,31.0250050,121.4407960,   14.838,    0.750,    0.194,   -0.989,00
$GPFPD,-0001,220850.000,00,00,00,31.0250000,121.4407792,   12.478,    1.058,    0.296,   -1.083,00
$GPFPD,-0001,220851.000,00,00,00,31.0249988,121.4407642,   15.611,    0.983,    0.773,   -0.860,00
$GPFPD,-0001,220852.000,00,00,00,31.0249880,121.4407344,   16.478,    1.031,    1.180,   -0.932,00
$GPFPD,-0001,220853.000,00,00,00,31.0249738,121.4407072,   20.151,    0.936,    1.782,   -0.831,00
$GPFPD,-0001,220854.000,00,00,00,31.0249587,121.4406850,   21.905,    0.994,    2.164,   -0.872,00
$GPFPD,-0001,220855.000,00,00,00,31.0249510,121.4406696,   23.393,    0.963,    2.308,   -0.869,00
$GPFPD,-0001,220856.000,00,00,00,31.0249407,121.4406609,   21.817,    0.810,    2.032,   -1.031,00
$GPFPD,-0001,220857.000,00,00,00,31.0249459,121.4406540,   19.446,    0.761,    1.736,   -1.006,00
$GPFPD,-0001,220858.000,00,00,00,31.0249499,121.4406658,   18.360,    0.656,    1.595,   -0.948,00
$GPFPD,-0001,220859.000,00,00,00,31.0249502,121.4406451,   18.002,    0.903,    1.756,   -0.905,00
$GPFPD,-0001,220860.000,00,00,00,31.0249499,121.4406348,   23.267,    0.674,    2.128,   -0.560,00
$GPFPD,-0001,220861.000,00,00,00,31.0249542,121.4406218,   23.678,    0.656,    2.029,   -0.475,00
$GPFPD,-0001,220862.000,00,00,00,31.0249492,121.4406143,   22.805,    0.630,    1.796,   -0.648,00
$GPFPD,-0001,220863.000,00,00,00,31.0249386,121.4406049,   21.569,    0.725,    1.697,   -0.911,00
$GPFPD,-0001,220864.000,00,00,00,31.0249131,121.4405888,   21.270,    0.679,    1.694,   -1.256,00
$GPFPD,-0001,220865.000,00,00,00,31.0249045,121.4405718,   23.026,    0.553,    1.766,   -1.211,00
$GPFPD,-0001,220866.000,00,00,00,31.0248998,121.4405727,   20.137,    0.476,    1.377,   -1.385,00
$GPFPD,-0001,220867.000,00,00,00,31.0248921,121.4405555,   23.219,    0.467,    1.592,   -1.185,00
$GPFPD,-0001,220868.000,00,00,00,31.0248964,121.4405569,   26.067,    0.412,    1.762,   -0.806,00
$GPFPD,-0001,220869.000,00,00,00,31.0248859,121.4405455,   24.192,    0.495,    1.671,   -0.889,00
$GPFPD,-0001,220870.000,00,00,00,31.0248896,121.4405275,   23.128,    0.654,    1.663,   -0.718,00
$GPFPD,-0001,220871.000,00,00,00,31.0248748,121.4405224,   28.118,    0.466,    2.103,   -0.383,00
$GPFPD,-0001,220872.000,00,00,00,31.0248670,121.4404974,   28.015,    0.740,    2.219,   -0.333,00
$GPFPD,-0001,220873.000,00,00,00,31.0248723,121.4404942,   27.106,    0.848,    2.131,   -0.180,00
$GPFPD,-0001,220874.000,00,00,00,31.0248685,121.4404986,   25.803,    0.720,    1.982,   -0.093,00
$GPFPD,-0001,220875.000,00,00,00,31.0248643,121.4404842,   26.765,    0.674,    2.098,    0.155,00
$GPFPD,-0001,220876.000,00,00,00,31.0248625,121.4404672,   29.052,    0.712,    2.314,    0.409,00
$GPFPD,-0001,220877.000,00,00,00,31.0248620,121.4404525,   28.398,    0.814,    2.162,    0.379,00
$GPFPD,-0001,220878.000,00,00,00,31.0248700,121.4404417,   25.780,    0.891,    1.718,    0.318,00
$GPFPD,-0001,220879.000,00,00,00,31.0248663,121.4404143,   27.453,    0.969,    1.961,    0.485,00
$GPFPD,-0001,220880.000,00,00,00,31.0248694,121.4404066,   32.967,    0.790,    2.461,    0.965,00
$GPFPD,-0001,220881.000,00,00,00,31.0248758,121.4404037,   28.357,    0.964,    2.175,    0.816,00
$GPFPD,-0001,220882.000,00,00,00,31.0248666,121.4403737,   32.443,    1.013,    2.616,    0.969,00
$GPFPD,-0001,220883.000,00,00,00,31.0248479,121.4403854,   38.038,    0.533,    2.825,    1.101,00
$GPFPD,-0001,220884.000,00,00,00,31.0248438,121.4403524,   38.439,    0.619,    2.789,    1.092,00
$GPFPD,-0001,220885.000,00,00,00,31.0248428,121.4403333,   38.182,    0.649,    2.737,    1.106,00
$GPFPD,-0001,220886.000,00,00,00,31.0248560,121.4403104,   33.670,    1.048,    2.497,    1.086,00
$GPFPD,-0001,220887.000,00,00,00,31.0248576,121.4402882,   34.628,    1.301,    2.737,    1.271,00
$GPFPD,-0001,220888.000,00,00,00,31.0248575,121.4402783,   35.350,    1.271,    2.793,    1.373,00
$GPFPD,-0001,220889.000,00,00,00,31.0248653,121.4402669,   30.563,    1.415,    2.439,    1.167,00
$GPFPD,-0001,220890.000,00,00,00,31.0248621,121.4402486,   27.869,    1.569,    2.375,    0.976,00
$GPFPD,-0001,220891.000,00,00,00,31.0248462,121.4402211,   32.022,    1.577,    2.820,    1.065,00
$GPFPD,-0001,220892.000,00,00,00,31.0248481,121.4402002,   31.890,    1.634,    2.651,    1.028,00
$GPFPD,-0001,220893.000,00,00,00,31.0248493,121.4401861,   29.861,    1.580,    2.310,    0.882,00
$GPFPD,-0001,220894.000,00,00,00,31.0248369,121.4401700,   28.546,    1.563,    2.359,    0.790,00
$GPFPD,-0001,220895.000,00,00,00,31.0248507,121.4401606,   26.541,    1.717,    2.225,    0.873,00
$GPFPD,-0001,220896.000,00,00,00,31.0248409,121.4401449,   30.139,    1.473,    2.336,    0.765,00
$GPFPD,-0001,220897.000,00,00,00,31.0248437,121.4401386,   32.833,    1.081,    2.113,    0.686,00
$GPFPD,-0001,220898.000,00,00,00,31.0248404,121.4401352,   36.123,    0.612,    1.988,    0.602,00
$GPFPD,-0001,220899.000,00,00,00,31.0248444,121.4401267,   32.386,    0.662,    1.456,    0.206,00
$GPFPD,-0001,220900.000,00,00,00,31.0248691,121.4401240,   32.815,    0.785,    1.442,    0.330,00
$GPFPD,-0001,220901.000,00,00,00,31.0248725,121.4401092,   27.339,    1.134,    1.136,   -0.104,00
$GPFPD,-0001,220902.000,00,00,00,31.0249016,121.4400983,   28.612,    1.118,    1.108,    0.335,00
$GPFPD,-0001,220903.000,00,00,00,31.0249298,121.4400798,   30.589,    1.122,    1.162,    0.873,00
$GPFPD,-0001,220904.000,00,00,00,31.0249273,121.4400717,   28.452,    1.230,    1.090,    0.784,00
$GPFPD,-0001,220905.000,00,00,00,31.0249206,121.4400829,   31.725,    0.922,    1.195,    0.938,00
$GPFPD,-0001,220906.000,00,00,00,31.0249219,121.4400755,   27.963,    0.954,    0.607,    0.708,00
$GPFPD,-0001,220907.000,00,00,00,31.0249107,121.4400632,   29.957,    0.748,    0.679,    0.731,00
$GPFPD,-0001,220908.000,00,00,00,31.0249229,121.4400599,   30.805,    0.620,    0.571,    0.925,00
$GPFPD,-0001,220909.000,00,00,00,31.0249177,121.4400492,   31.665,    0.603,    0.537,    0.817,00
$GPFPD,-0001,220910.000,00,00,00,31.0249205,121.4400343,   30.556,    0.775,    0.408,    0.691,00
$GPFPD,-0001,220911.000,00,00,00,31.0249255,121.4400219,   37.866,    0.598,    1.026,    1.190,00
$GPFPD,-0001,220912.000,00,00,00,31.0249185,121.4400111,   37.939,    0.493,    0.963,    1.035,00
$GPFPD,-0001,220913.000,00,00,00,31.0248996,121.4400016,   37.473,    0.398,    0.839,    0.735,00
$GPFPD,-0001,220914.000,00,00,00,31.0248824,121.4399844,   36.359,    0.502,    0.720,    0.378,00
$GPFPD,-0001,220915.000,00,00,00,31.0248816,121.4399773,   35.246,    0.427,    0.396,    0.149,00
$GPFPD,-0001,220916.000,00,00,00,31.0248810,121.4399750,   35.163,    0.167,    0.172,    0.017,00
$GPFPD,-0001,220917.000,00,00,00,31.0248623,121.4399682,   35.118,    0.039,    0.290,   -0.317,00
$GPFPD,-0001,220918.000,00,00,00,31.0248647,121.4399615,   36.117,    0.137,    0.511,   -0.318,00
$GPFPD,-0001,220919.000,00,00,00,31.0248690,121.4399428,   41.142,    0.231,    0.970,   -0.053,00
$GPFPD,-0001,220920.000,00,00,00,31.0248643,121.4399305,   37.783,    0.292,    0.521,   -0.446,00
$GPFPD,-0001,220921.000,00,00,00,31.0248659,121.4399188,   40.395,    0.133,    0.455,   -0.286,00
$GPFPD,-0001,220922.000,00,00,00,31.0248904,121.4399206,   40.450,    0.038,    0.063,    0.050,00
$GPFPD,-0001,220923.000,00,00,00,31.0248768,121.4399154,   38.960,    0.067,   -0.076,   -0.138,00
$GPFPD,-0001,220924.000,00,00,00,31.0248489,121.4399017,   36.505,    0.228,   -0.132,   -0.597,00
$GPFPD,-0001,220925.000,00,00,00,31.0248419,121.4398854,   37.976,    0.250,   -0.083,   -0.558,00
$GPFPD,-0001,220926.000,00,00,00,31.0248130,121.4398681,   38.027,    0.084,   -0.192,   -0.800,00
$GPFPD,-0001,220927.000,00,00,00,31.0247941,121.4398518,   33.104,    0.180,   -0.603,   -1.141,00
$GPFPD,-0001,220928.000,00,00,00,31.0247826,121.4398307,   33.350,    0.406,   -0.479,   -1.016,00
$GPFPD,-0001,220929.000,00,00,00,31.0247729,121.4398165,   34.608,    0.534,   -0.427,   -0.870,00
$GPFPD,-0001,220930.000,00,00,00,31.0247707,121.4398088,   31.030,    0.601,   -0.838,   -1.015,00
$GPFPD,-0001,220931.000,00,00,00,31.0247652,121.4398008,   31.068,    0.619,   -0.728,   -0.987,00
$GPFPD,-0001,220932.000,00,00,00,31.0247613,121.4397839,   29.118,    0.907,   -0.556,   -0.989,00
$GPFPD,-0001,220933.000,00,00,00,31.0247574,121.4397671,   27.999,    1.222,   -0.343,   -0.926,00
$GPFPD,-0001,220934.000,00,00,00,31.0247533,121.4397430,   24.943,    1.545,   -0.300,   -0.968,00
$GPFPD,-0001,220935.000,00,00,00,31.0247233,121.4397367,   22.035,    1.422,   -0.294,   -1.288,00
$GPFPD,-0001,220936.000,00,00,00,31.0247286,121.4397217,   20.914,    1.614,   -0.004,   -0.945,00
$GPFPD,-0001,220937.000,00,00,00,31.0247198,121.4397114,   20.136,    1.806,    0.466,   -0.763,00
$GPFPD,-0001,220938.000,00,00,00,31.0247184,121.4396876,   24.324,    1.960,    1.232,   -0.285,00
$GPFPD,-0001,220939.000,00,00,00,31.0247073,121.4396657,   23.941,    1.974,    1.336,   -0.253,00
$GPFPD,-0001,220940.000,00,00,00,31.0247112,121.4396395,   24.550,    1.997,    1.489,    0.025,00
$GPFPD,-0001,220941.000,00,00,00,31.0246992,121.4396223,   25.155,    2.026,    1.733,    0.063,00
$GPFPD,-0001,220942.000,00,00,00,31.0246859,121.4396066,   23.031,    2.117,    1.693,   -0.196,00
$GPFPD,-0001,220943.000,00,00,00,31.0246872,121.4395740,   24.185,    2.156,    1.820,   -0.074,00
$GPFPD,-0001,220944.000,00,00,00,31.0246835,121.4395580,   24.872,    2.042,    1.843,   -0.014,00
$GPFPD,-0001,220945.000,00,00,00,31.0246697,121.4395375,   25.583,    1.992,    1.801,   -0.130,00
$GPFPD,-0001,220946.000,00,00,00,31.0246814,121.4395328,   24.053,    1.878,    1.288,   -0.134,00
$GPFPD,-0001,220947.000,00,00,00,31.0246684,121.4395213,   21.968,    1.724,    1.010,   -0.443,00
$GPFPD,-0001,220948.000,00,00,00,31.0246631,121.4394992,   26.382,    1.575,    1.409,   -0.195,00
$GPFPD,-0001,220949.000,00,00,00,31.0246706,121.4394801,   27.435,    1.689,    1.540,   -0.055,00
$GPFPD,-0001,220950.000,00,00,00,31.0246729,121.4394745,   29.419,    1.562,    1.456,   -0.008,00
$GPFPD,-0001,220951.000,00,00,00,31.0246708,121.4394632,   28.987,    1.395,    1.134,   -0.123,00
$GPFPD,-0001,220952.000,00,00,00,31.0246579,121.4394714,   27.969,    1.055,    0.809,   -0.359,00
$GPFPD,-0001,220953.000,00,00,00,31.0246476,121.4394595,   28.134,    0.991,    0.762,   -0.496,00
$GPFPD,-0001,220954.000,00,00,00,31.0246293,121.4394532,   25.753,    0.942,    0.526,   -0.859,00
$GPFPD,-0001,220955.000,00,00,00,31.0246328,121.4394406,   26.310,    0.841,    0.353,   -0.695,00
$GPFPD,-0001,220956.000,00,00,00,31.0246203,121.4394422,   25.729,    0.590,    0.151,   -0.756,00
$GPFPD,-0001,220957.000,00,00,00,31.0246244,121.4394328,   27.184,    0.591,    0.266,   -0.444,00
$GPFPD,-0001,220958.000,00,00,00,31.0246222,121.4394271,   28.070,    0.615,    0.307,   -0.330,00
$GPFPD,-0001,220959.000,00,00,00,31.0246186,121.4394241,   30.161,    0.398,    0.123,   -0.317,00
$GPFPD,-0001,220960.000,00,00,00,31.0246048,121.4394173,   31.272,    0.103,   -0.085,   -0.476,00
$GPFPD,-0001,220961.000,00,00,00,31.0246080,121.4393989,   30.100,    0.222,   -0.212,   -0.457,00
$GPFPD,-0001,220962.000,00,00,00,31.0246085,121.4394028,   26.164,    0.330,   -0.592,   -0.607,00
$GPFPD,-0001,220963.000,00,00,00,31.0245856,121.4393875,   25.708,    0.516,   -0.369,   -0.789,00
$GPFPD,-0001,220964.000,00,00,00,31.0245703,121.4393571,   25.530,    0.763,   -0.027,   -0.840,00
$GPFPD,-0001,220965.000,00,00,00,31.0245609,121.4393505,   23.401,    0.839,    0.109,   -0.900,00
$GPFPD,-0001,220966.000,00,00,00,31.0245469,121.4393360,   23.347,    1.028,    0.604,   -0.823,00
$GPFPD,-0001,220967.000,00,00,00,31.0245716,121.4393178,   22.597,    1.373,    0.679,   -0.412,00
$GPFPD,-0001,220968.000,00,00,00,31.0245678,121.4392945,   22.093,    1.592,    0.850,   -0.412,00
$GPFPD,-0001,220969.000,00,00,00,31.0245725,121.4392781,   21.709,    1.641,    0.932,   -0.290,00
$GPFPD,-0001,220970.000,00,00,00,31.0245823,121.4392580,   24.486,    1.663,    1.328,    0.099,00
$GPFPD,-0001,220971.000,00,00,00,31.0245739,121.4392306,   26.835,    1.790,    1.825,    0.206,00
$GPFPD,-0001,220972.000,00,00,00,31.0245622,121.4392187,   27.934,    1.698,    1.949,    0.057,00
$GPFPD,-0001,220973.000,00,00,00,31.0245685,121.4392101,   27.968,    1.572,    1.761,    0.065,00
$GPFPD,-0001,220974.000,00,00,00,31.0245750,121.4391957,   29.240,    1.446,    1.836,    0.271,00
$GPFPD,-0001,220975.000,00,00,00,31.0245793,121.4391762,   28.411,    1.586,    1.986,    0.336,00
$GPFPD,-0001,220976.000,00,00,00,31.0245761,121.4391499,   29.897,    1.707,    2.285,    0.390,00
$GPFPD,-0001,220977.000,00,00,00,31.0245733,121.4391514,   30.341,    1.567,    2.238,    0.402,00
$GPFPD,-0001,220978.000,00,00,00,31.0245751,121.4391395,   28.679,    1.521,    1.993,    0.341,00
$GPFPD,-0001,220979.000,00,00,00,31.0245710,121.4391176,   28.895,    1.487,    1.991,    0.300,00
$GPFPD,-0001,220980.000,00,00,00,31.0245632,121.4390896,   27.633,    1.653,    1.907,    0.105,00
$GPFPD,-0001,220981.000,00,00,00,31.0245446,121.4390719,   26.062,    1.650,    1.694,   -0.241,00
$GPFPD,-0001,220982.000,00,00,00,31.0245553,121.4390644,   24.765,    1.619,    1.446,   -0.172,00
$GPFPD,-0001,220983.000,00,00,00,31.0245460,121.4390537,   26.905,    1.401,    1.779,   -0.067,00
$GPFPD,-0001,220984.000,00,00,00,31.0245276,121.4390406,   24.952,    1.440,    1.908,   -0.363,00
$GPFPD,-0001,220985.000,00,00,00,31.0245126,121.4390200,   24.059,    1.585,    2.077,   -0.590,00
$GPFPD,-0001,220986.000,00,00,00,31.0244950,121.4390069,   27.896,    1.297,    2.346,   -0.548,00
$GPFPD,-0001,220987.000,00,00,00,31.0244809,121.4389985,   24.383,    1.227,    1.951,   -0.891,00
$GPFPD,-0001,220988.000,00,00,00,31.0244597,121.4389891,   24.072,    1.164,    1.923,   -1.073,00
$GPFPD,-0001,220989.000,00,00,00,31.0244434,121.4389921,   20.561,    1.171,    1.556,   -1.386,00
$GPFPD,-0001,220990.000,00,00,00,31.0244478,121.4389868,   16.624,    1.226,    1.069,   -1.462,00
$GPFPD,-0001,220991.000,00,00,00,31.0244287,121.4389802,   18.857,    0.902,    1.136,   -1.444,00
$GPFPD,-0001,220992.000,00,00,00,31.0244201,121.4389728,   17.643,    0.847,    0.880,   -1.583,00
$GPFPD,-0001,220993.000,00,00,00,31.0244310,121.4389537,   15.828,    1.079,    0.651,   -1.507,00
$GPFPD,-0001,220994.000,00,00,00,31.0244231,121.4389476,   15.395,    0.855,    0.437,   -1.564,00
$GPFPD,-0001,220995.000,00,00,00,31.0244259,121.4389478,   13.988,    0.727,    0.207,   -1.481,00
$GPFPD,-0001,220996.000,00,00,00,31.0244214,121.4389349,   16.225,    0.701,    0.372,   -1.234,00
$GPFPD,-0001,220997.000,00,00,00,31.0244248,121.4389224,   17.025,    0.661,    0.251,   -1.032,00
$GPFPD,-0001,220998.000,00,00,00,31.0244350,121.4389206,   18.663,    0.390,    0.036,   -0.731,00
$GPFPD,-0001,220999.000,00,00,00,31.0244359,121.4389101,   18.983,    0.322,   -0.056,   -0.601,00
$GPFPD,-0001,221000.000,00,00,00,31.0244434,121.4389122,   18.469,    0.275,   -0.300,   -0.503,00
$GPFPD,-0001,221001.000,00,00,00,31.0244475,121.4388948,   23.716,    0.174,   -0.082,   -0.196,00
$GPFPD,-0001,221002.000,00,00,00,31.0244356,121.4389007,   21.514,   -0.021,   -0.510,   -0.595,00
$GPFPD,-0001,221003.000,00,00,00,31.0244345,121.4388889,   23.303,   -0.176,   -0.522,   -0.598,00
$GPFPD,-0001,221004.000,00,00,00,31.0244329,121.4388853,   17.850,   -0.015,   -1.065,   -1.027,00
$GPFPD,-0001,221005.000,00,00,00,31.0244322,121.4388707,   14.625,    0.339,   -1.198,   -1.185,00
$GPFPD,-0001,221006.000,00,00,00,31.0244173,121.4388646,   13.916,    0.359,   -1.206,   -1.322,00
$GPFPD,-0001,221007.000,00,00,00,31.0244061,121.4388490,   11.692,    0.494,   -1.249,   -1.440,00
$GPFPD,-0001,221008.000,00,00,00,31.0244138,121.4388552,   10.694,    0.480,   -1.346,   -1.272,00
$GPFPD,-0001,221009.000,00,00,00,31.0244063,121.4388348,   11.562,    0.691,   -1.032,   -1.190,00
$GPFPD,-0001,221010.000,00,00,00,31.0244000,121.4388140,   15.304,    0.686,   -0.621,   -0.955,00
$GPFPD,-0001,221011.000,00,00,00,31.0243868,121.4388151,   22.384,    0.237,   -0.060,   -0.506,00
$GPFPD,-0001,221012.000,00,00,00,31.0243750,121.4388264,   23.938,    0.071,    0.169,   -0.346,00
$GPFPD,-0001,221013.000,00,00,00,31.0243630,121.4388488,   25.136,   -0.078,    0.349,   -0.270,00
$GPFPD,-0001,221014.000,00,00,00,31.0243470,121.4388316,   30.107,   -0.005,    1.041,   -0.049,00
$GPFPD,-0001,221015.000,00,00,00,31.0243404,121.4388195,   32.995,   -0.041,    1.339,    0.048,00
$GPFPD,-0001,221016.000,00,00,00,31.0243237,121.4388118,   37.035,   -0.207,    1.814,    0.063,00
$GPFPD,-0001,221017.000,00,00,00,31.0242939,121.4387970,   44.683,   -0.317,    2.723,    0.125,00
$GPFPD,-0001,221018.000,00,00,00,31.0242642,121.4388008,   47.380,   -0.531,    2.999,   -0.179,00
$GPFPD,-0001,221019.000,00,00,00,31.0242515,121.4387966,   50.932,   -0.637,    3.331,   -0.244,00
$GPFPD,-0001,221020.000,00,00,00,31.0242263,121.4387692,   52.361,   -0.513,    3.449,   -0.639,00
$GPFPD,-0001,221021.000,00,00,00,31.0242118,121.4387395,   49.055,   -0.359,    2.888,   -1.131,00
$GPFPD,-0001,221022.000,00,00,00,31.0242105,121.4387177,   50.054,   -0.332,    2.748,   -0.984,00
$GPFPD,-0001,221023.000,00,00,00,31.0242226,121.4387044,   47.070,   -0.127,    2.265,   -0.960,00
$GPFPD,-0001,221024.000,00,00,00,31.0242121,121.4386856,   45.239,   -0.078,    1.990,   -1.173,00
$GPFPD,-0001,221025.000,00,00,00,31.0242175,121.4386816,   40.790,   -0.159,    1.137,   -1.381,00
$GPFPD,-0001,221026.000,00,00,00,31.0242209,121.4386656,   41.152,   -0.229,    0.628,   -1.209,00
$GPFPD,-0001,221027.000,00,00,00,31.0242228,121.4386441,   39.665,   -0.056,    0.069,   -1.181,00
$GPFPD,-0001,221028.000,00,00,00,31.0242312,121.4386391,   36.964,   -0.011,   -0.613,   -1.168,00
$GPFPD,-0001,221029.000,00,00,00,31.0242360,121.4386106,   35.702,    0.171,   -0.844,   -1.028,00
$GPFPD,-0001,221030.000,00,00,00,31.0242291,121.4385859,   32.608,    0.437,   -0.893,   -1.032,00
$GPFPD,-0001,221031.000,00,00,00,31.0242466,121.4385629,   33.053,    0.710,   -0.866,   -0.622,00
$GPFPD,-0001,221032.000,00,00,00,31.0242487,121.4385343,   31.852,    1.022,   -0.879,   -0.552,00
$GPFPD,-0001,221033.000,00,00,00,31.0242655,121.4385258,   30.718,    1.077,   -1.037,   -0.286,00
$GPFPD,-0001,221034.000,00,00,00,31.0242667,121.4385104,   29.900,    1.115,   -0.967,   -0.214,00
$GPFPD,-0001,221035.000,00,00,00,31.0242588,121.4384855,   22.837,    1.509,   -1.220,   -0.638,00
$GPFPD,-0001,221036.000,00,00,00,31.0242801,121.4384675,   21.899,    1.716,   -1.270,   -0.424,00
$GPFPD,-0001,221037.000,00,00,00,31.0243012,121.4384596,   19.084,    1.728,   -1.578,   -0.354,00
$GPFPD,-0001,221038.000,00,00,00,31.0243020,121.4384374,   19.065,    1.767,   -1.299,   -0.186,00
$GPFPD,-0001,221039.000,00,00,00,31.0243028,121.4384257,   17.378,    1.938,   -1.006,   -0.057,00
$GPFPD,-0001,221040.000,00,00,00,31.0243180,121.4384075,   20.506,    2.058,   -0.574,    0.437,00
$GPFPD,-0001,221041.000,00,00,00,31.0243408,121.4383849,   22.048,    2.164,   -0.402,    0.737,00
$GPFPD,-0001,221042.000,00,00,00,31.0243648,121.4383775,   28.171,    1.845,   -0.079,    1.272,00
$GPFPD,-0001,221043.000,00,00,00,31.0243910,121.4383483,   31.632,    1.912,    0.335,    1.742,00
$GPFPD,-0001,221044.000,00,00,00,31.0243888,121.4383360,   30.389,    1.867,    0.287,    1.496,00
$GPFPD,-0001,221045.000,00,00,00,31.0243713,121.4383184,   29.108,    1.801,    0.249,    0.998,00
$GPFPD,-0001,221046.000,00,00,00,31.0243703,121.4382963,   27.938,    1.716,    0.110,    0.721,00
$GPFPD,-0001,221047.000,00,00,00,31.0243631,121.4382928,   29.702,    1.365,    0.218,    0.639,00
$GPFPD,-0001,221048.000,00,00,00,31.0243459,121.4382860,   25.211,    1.370,    0.112,    0.126,00
$GPFPD,-0001,221049.000,00,00,00,31.0243215,121.4382756,   28.783,    1.256,    0.493,    0.003,00
$GPFPD,-0001,221050.000,00,00,00,31.0243097,121.4382755,   23.738,    1.245,    0.007,   -0.464,00
$GPFPD,-0001,221051.000,00,00,00,31.0242881,121.4382595,   24.408,    1.063,    0.079,   -0.616,00
$GPFPD,-0001,221052.000,00,00,00,31.0242545,121.4382481,   22.985,    0.898,    0.179,   -0.973,00
$GPFPD,-0001,221053.000,00,00,00,31.0242442,121.4382330,   22.825,    0.934,    0.361,   -0.950,00
$GPFPD,-0001,221054.000,00,00,00,31.0242269,121.4382173,   22.648,    1.007,    0.553,   -1.057,00
$GPFPD,-0001,221055.000,00,00,00,31.0242061,121.4382066,   24.083,    0.857,    0.663,   -1.119,00
$GPFPD,-0001,221056.000,00,00,00,31.0242031,121.4381933,   21.853,    0.915,    0.636,   -1.098,00
$GPFPD,-0001,221057.000,00,00,00,31.0242008,121.4381938,   25.505,    0.908,    1.100,   -0.717,00
$GPFPD,-0001,221058.000,00,00,00,31.0241820,121.4381910,   26.042,    0.868,    1.097,   -0.805,00
$GPFPD,-0001,221059.000,00,00,00,31.0241792,121.4381720,   23.075,    0.933,    0.803,   -0.849,00
$GPFPD,-0001,221060.000,00,00,00,31.0241766,121.4381641,   22.249,    0.911,    0.837,   -0.673,00
$GPFPD,-0001,221061.000,00,00,00,31.0241645,121.4381516,   25.546,    0.971,    1.328,   -0.328,00
$GPFPD,-0001,221062.000,00,00,00,31.0241693,121.4381424,   24.197,    1.097,    1.298,   -0.142,00
$GPFPD,-0001,221063.000,00,00,00,31.0241529,121.4381288,   25.721,    1.042,    1.464,   -0.068,00
$GPFPD,-0001,221064.000,00,00,00,31.0241679,121.4380950,   22.452,    1.271,    1.296,    0.098,00
$GPFPD,-0001,221065.000,00,00,00,31.0241800,121.4380770,   25.600,    1.248,    1.416,    0.550,00
$GPFPD,-0001,221066.000,00,00,00,31.0241859,121.4380747,   24.749,    1.263,    1.209,    0.630,00
$GPFPD,-0001,221067.000,00,00,00,31.0241840,121.4380428,   25.890,    1.526,    1.516,    0.808,00
$GPFPD,-0001,221068.000,00,00,00,31.0241881,121.4380331,   24.166,    1.477,    1.436,    0.850,00
$GPFPD,-0001,221069.000,00,00,00,31.0242005,121.4380205,   22.987,    1.430,    1.258,    0.936,00
$GPFPD,-0001,221070.000,00,00,00,31.0241978,121.4380022,   26.191,    1.360,    1.327,    1.011,00
$GPFPD,-0001,221071.000,00,00,00,31.0241748,121.4379948,   30.930,    1.120,    1.509,    0.877,00
$GPFPD,-0001,221072.000,00,00,00,31.0241787,121.4379817,   28.396,    1.064,    1.160,    0.698,00
$GPFPD,-0001,221073.000,00,00,00,31.0241894,121.4379680,   22.934,    1.120,    0.713,    0.510,00
$GPFPD,-0001,221074.000,00,00,00,31.0241620,121.4379735,   27.644,    0.802,    0.953,    0.479,00
$GPFPD,-0001,221075.000,00,00,00,31.0241320,121.4379838,   26.546,    0.613,    0.813,    0.010,00
$GPFPD,-0001,221076.000,00,00,00,31.0241275,121.4379516,   26.556,    0.760,    1.030,    0.004,00
$GPFPD,-0001,221077.000,00,00,00,31.0241077,121.4379608,   28.142,    0.444,    1.154,   -0.140,00
$GPFPD,-0001,221078.000,00,00,00,31.0241075,121.4379328,   30.711,    0.638,    1.455,   -0.005,00
$GPFPD,-0001,221079.000,00,00,00,31.0240926,121.4379160,   34.240,    0.606,    1.676,    0.021,00
$GPFPD,-0001,221080.000,00,00,00,31.0241040,121.4379092,   33.968,    0.547,    1.434,    0.186,00
$GPFPD,-0001,221081.000,00,00,00,31.0240940,121.4378987,   32.348,    0.560,    1.324,    0.030,00
$GPFPD,-0001,221082.000,00,00,00,31.0240869,121.4378770,   33.009,    0.806,    1.528,    0.007,00
$GPFPD,-0001,221083.000,00,00,00,31.0240992,121.4378694,   29.247,    0.969,    1.209,   -0.129,00
$GPFPD,-0001,221084.000,00,00,00,31.0240951,121.4378388,   30.698,    1.079,    1.490,   -0.139,00
$GPFPD,-0001,221085.000,00,00,00,31.0241111,121.4378257,   27.988,    1.167,    1.289,   -0.135,00
$GPFPD,-0001,221086.000,00,00,00,31.0241040,121.4378101,   26.894,    1.327,    1.381,   -0.252,00
$GPFPD,-0001,221087.000,00,00,00,31.0241032,121.4377924,   25.669,    1.375,    1.323,   -0.323,00
$GPFPD,-0001,221088.000,00,00,00,31.0240902,121.4377705,   26.667,    1.229,    1.385,   -0.402,00
$GPFPD,-0001,221089.000,00,00,00,31.0240629,121.4377757,   24.973,    0.981,    1.248,   -0.760,00
$GPFPD,-0001,221090.000,00,00,00,31.0240720,121.4377751,   21.174,    1.054,    0.858,   -0.752,00
$GPFPD,-0001,221091.000,00,00,00,31.0240483,121.4377783,   21.625,    0.831,    0.814,   -0.951,00
$GPFPD,-0001,221092.000,00,00,00,31.0240353,121.4377738,   25.799,    0.549,    1.144,   -0.813,00
$GPFPD,-0001,221093.000,00,00,00,31.0240452,121.4377503,   21.862,    0.784,    1.053,   -0.839,00
$GPFPD,-0001,221094.000,00,00,00,31.0240394,121.4377343,   25.461,    0.928,    1.476,   -0.580,00
$GPFPD,-0001,221095.000,00,00,00,31.0240478,121.4377155,   21.673,    1.233,    1.280,   -0.595,00
$GPFPD,-0001,221096.000,00,00,00,31.0240490,121.4376920,   23.604,    1.252,    1.589,   -0.294,00
$GPFPD,-0001,221097.000,00,00,00,31.0240617,121.4376638,   22.391,    1.500,    1.885,   -0.031,00
$GPFPD,-0001,221098.000,00,00,00,31.0240648,121.4376319,   22.578,    1.873,    2.422,    0.089,00
$GPFPD,-0001,221099.000,00,00,00,31.0240543,121.4376198,   23.343,    1.853,    2.692,    0.021,00
$GPFPD,-0001,221100.000,00,00,00,31.0240354,121.4375827,   24.948,    1.969,    3.233,    0.058,00
$GPFPD,-0001,221101.000,00,00,00,31.0240417,121.4375486,   26.587,    2.248,    3.755,    0.431,00
$GPFPD,-0001,221102.000,00,00,00,31.0240475,121.4375335,   25.268,    2.371,    3.733,    0.405,00
$GPFPD,-0001,221103.000,00,00,00,31.0240431,121.4375233,   25.914,    2.177,    3.743,    0.350,00
$GPFPD,-0001,221104.000,00,00,00,31.0240284,121.4375077,   26.747,    2.039,    3.951,    0.249,00
$GPFPD,-0001,221105.000,00,00,00,31.0240160,121.4374975,   27.399,    1.906,    3.957,    0.121,00
$GPFPD,-0001,221106.000,00,00,00,31.0240125,121.4374932,   28.496,    1.654,    3.749,    0.029,00
$GPFPD,-0001,221107.000,00,00,00,31.0240049,121.4375020,   28.439,    1.138,    3.203,   -0.193,00
$GPFPD,-0001,221108.000,00,00,00,31.0239959,121.4374977,   27.379,    0.902,    2.887,   -0.393,00
$GPFPD,-0001,221109.000,00,00,00,31.0239867,121.4374952,   26.254,    0.927,    2.838,   -0.511,00
$GPFPD,-0001,221110.000,00,00,00,31.0239774,121.4374857,   23.980,    1.082,    2.614,   -0.699,00
$GPFPD,-0001,221111.000,00,00,00,31.0239715,121.4374711,   23.188,    1.033,    2.282,   -0.799,00
$GPFPD,-0001,221112.000,00,00,00,31.0239647,121.4374548,   21.111,    0.930,    1.803,   -0.974,00
$GPFPD,-0001,221113.000,00,00,00,31.0239612,121.4374580,   23.478,    0.527,    1.672,   -0.756,00
$GPFPD,-0001,221114.000,00,00,00,31.0239519,121.4374621,   21.447,    0.484,    1.362,   -0.880,00
$GPFPD,-0001,221115.000,00,00,00,31.0239555,121.4374417,   24.303,    0.658,    1.710,   -0.491,00
$GPFPD,-0001,221116.000,00,00,00,31.0239628,121.4374274,   26.689,    0.687,    2.006,   -0.081,00
$GPFPD,-0001,221117.000,00,00,00,31.0239631,121.4374282,   26.982,    0.687,    2.233,    0.118,00
$GPFPD,-0001,221118.000,00,00,00,31.0239674,121.4374157,   26.433,    0.981,    2.459,    0.276,00
$GPFPD,-0001,221119.000,00,00,00,31.0239827,121.4374061,   24.365,    1.242,    2.368,    0.400,00
$GPFPD,-0001,221120.000,00,00,00,31.0239698,121.4373871,   26.098,    1.264,    2.810,    0.434,00
$GPFPD,-0001,221121.000,00,00,00,31.0239721,121.4373743,   26.780,    1.282,    3.049,    0.550,00
$GPFPD,-0001,221122.000,00,00,00,31.0239600,121.4373585,   28.398,    1.284,    3.416,    0.498,00
$GPFPD,-0001,221123.000,00,00,00,31.0239536,121.4373464,   28.424,    1.343,    3.432,    0.387,00
$GPFPD,-0001,221124.000,00,00,00,31.0239321,121.4373425,   29.054,    1.109,    3.358,    0.111,00
$GPFPD,-0001,221125.000,00,00,00,31.0239223,121.4373260,   27.234,    1.042,    3.015,   -0.236,00
$GPFPD,-0001,221126.000,00,00,00,31.0239161,121.4373179,   28.346,    0.859,    2.816,   -0.354,00
$GPFPD,-0001,221127.000,00,00,00,31.0238977,121.4373097,   25.336,    0.735,    2.227,   -0.844,00
$GPFPD,-0001,221128.000,00,00,00,31.0238834,121.4372930,   25.630,    0.498,    1.976,   -0.937,00
$GPFPD,-0001,221129.000,00,00,00,31.0238716,121.4372882,   24.958,    0.411,    1.879,   -0.980,00
$GPFPD,-0001,221130.000,00,00,00,31.0238426,121.4372733,   27.009,    0.385,    2.120,   -1.143,00
$GPFPD,-0001,221131.000,00,00,00,31.0238295,121.4372805,   28.257,    0.158,    1.953,   -1.206,00
