$GPFPD,-0001,220651.000,00,00,00,31.0258268,121.4432080,  -17.081,    1.251,   -0.794,   -0.750,00
$GPFPD,-0001,220652.000,00,00,00,31.0258289,121.4431420,  -14.242,   -0.046,    1.726,   -0.036,00
$GPFPD,-0001,220653.000,00,00,00,31.0258309,121.4431188,   -8.041,   -0.107,    1.825,    0.461,00
$GPFPD,-0001,220654.000,00,00,00,31.0258346,121.4431149,   -5.262,    0.958,    0.480,   -0.191,00
$GPFPD,-0001,220655.000,00,00,00,31.0258278,121.4431074,   -4.248,    1.575,   -0.548,   -0.838,00
$GPFPD,-0001,220656.000,00,00,00,31.0258257,121.4430954,   -4.466,    1.639,   -0.380,   -1.118,00
$GPFPD,-0001,220657.000,00,00,00,31.0258159,121.4430860,   -4.550,    0.814,    0.998,   -0.490,00
$GPFPD,-0001,220658.000,00,00,00,31.0258092,121.4430745,   -2.200,    0.694,    1.118,   -0.354,00
$GPFPD,-0001,220659.000,00,00,00,31.0258062,121.4430641,   -2.598,    0.993,    0.270,   -0.444,00
$GPFPD,-0001,220660.000,00,00,00,31.0258082,121.4430503,   -2.111,    0.866,    0.552,   -0.318,00
$GPFPD,-0001,220661.000,00,00,00,31.0258064,121.4430354,    0.038,    0.533,    1.436,    0.099,00
$GPFPD,-0001,220662.000,00,00,00,31.0257966,121.4430290,    1.757,    0.788,    0.684,   -0.301,00
$GPFPD,-0001,220663.000,00,00,00,31.0257848,121.4430214,    0.307,    1.487,   -0.342,   -0.766,00
$GPFPD,-0001,220664.000,00,00,00,31.0257771,121.4430135,    1.394,    0.258,    1.513,    0.012,00
$GPFPD,-0001,220665.000,00,00,00,31.0257727,121.4430082,    2.887,    0.779,    0.970,   -0.385,00
$GPFPD,-0001,220666.000,00,00,00,31.0257714,121.4430009,    2.809,    1.309,   -0.148,   -0.744,00
$GPFPD,-0001,220667.000,00,00,00,31.0257683,121.4429905,    3.255,    0.835,    0.496,   -0.187,00
$GPFPD,-0001,220668.000,00,00,00,31.0257624,121.4429811,    2.860,    1.205,    0.490,   -0.340,00
$GPFPD,-0001,220669.000,00,00,00,31.0257573,121.4429728,    3.051,    1.272,    0.423,   -0.419,00
$GPFPD,-0001,220670.000,00,00,00,31.0257535,121.4429665,    3.069,    0.668,    0.859,   -0.344,00
$GPFPD,-0001,220671.000,00,00,00,31.0257496,121.4429478,    6.026,    0.722,    0.937,   -0.544,00
$GPFPD,-0001,220672.000,00,00,00,31.0257489,121.4429394,    6.216,    0.964,    0.608,   -0.590,00
$GPFPD,-0001,220673.000,00,00,00,31.0257414,121.4429250,    7.414,    0.737,    1.234,   -0.335,00
$GPFPD,-0001,220674.000,00,00,00,31.0257395,121.4429103,    7.823,    1.032,    0.433,   -0.559,00
$GPFPD,-0001,220675.000,00,00,00,31.0257324,121.4428950,    8.193,    1.013,    0.366,   -0.339,00
$GPFPD,-0001,220676.000,00,00,00,31.0257278,121.4428836,    8.830,    0.249,    1.925,    0.194,00
$GPFPD,-0001,220677.000,00,00,00,31.0257191,121.4428722,    9.100,    1.197,    0.442,   -0.714,00
$GPFPD,-0001,220678.000,00,00,00,31.0257189,121.4428528,   10.126,    1.146,    0.204,   -0.477,00
$GPFPD,-0001,220679.000,00,00,00,31.0257227,121.4428410,    9.722,    1.554,   -0.374,   -0.696,00
$GPFPD,-0001,220680.000,00,00,00,31.0257195,121.4428279,   10.104,    0.752,    0.553,   -0.296,00
$GPFPD,-0001,220681.000,00,00,00,31.0257181,121.4428172,    9.413,    0.623,    1.109,   -0.379,00
$GPFPD,-0001,220682.000,00,00,00,31.0257143,121.4428091,   10.368,    0.462,    1.048,   -0.245,00
$GPFPD,-0001,220683.000,00,00,00,31.0257130,121.4427956,   11.479,    1.086,    0.117,   -0.478,00
$GPFPD,-0001,220684.000,00,00,00,31.0257059,121.4427882,   11.537,    0.668,    1.073,   -0.293,00
$GPFPD,-0001,220685.000,00,00,00,31.0256883,121.4427823,   11.723,    0.678,    0.960,   -0.227,00
$GPFPD,-0001,220686.000,00,00,00,31.0256813,121.4427801,   11.061,    0.744,    0.879,   -0.151,00
$GPFPD,-0001,220687.000,00,00,00,31.0256783,121.4427749,   11.071,    1.149,    0.543,   -0.501,00
$GPFPD,-0001,220688.000,00,00,00,31.0256772,121.4427644,   10.793,    0.669,    0.866,   -0.165,00
$GPFPD,-0001,220689.000,00,00,00,31.0256830,121.4427520,   12.195,    0.348,    0.995,   -0.050,00
$GPFPD,-0001,220690.000,00,00,00,31.0256805,121.4427339,   14.074,    0.375,    1.305,    0.109,00
$GPFPD,-0001,220691.000,00,00,00,31.0256803,121.4427189,   14.899,    1.233,    0.233,   -0.313,00
$GPFPD,-0001,220692.000,00,00,00,31.0256752,121.4427046,   14.979,    0.512,    0.898,   -0.058,00
$GPFPD,-0001,220693.000,00,00,00,31.0256638,121.4427080,   15.449,    0.629,    1.092,   -0.240,00
$GPFPD,-0001,220694.000,00,00,00,31.0256616,121.4427012,   15.748,    0.469,    0.984,   -0.063,00
$GPFPD,-0001,220695.000,00,00,00,31.0256509,121.4426870,   16.754,    0.748,    0.815,   -0.361,00
$GPFPD,-0001,220696.000,00,00,00,31.0256436,121.4426750,   15.666,    1.241,    0.746,   -0.798,00
$GPFPD,-0001,220697.000,00,00,00,31.0256386,121.4426561,   16.132,    0.642,    0.892,   -0.204,00
$GPFPD,-0001,220698.000,00,00,00,31.0256288,121.4426477,   16.863,    0.508,    1.264,   -0.159,00
$GPFPD,-0001,220699.000,00,00,00,31.0256149,121.4426394,   16.709,    0.823,    0.479,   -0.736,00
$GPFPD,-0001,220700.000,00,00,00,31.0256066,121.4426179,   16.140,    0.517,    1.088,   -0.280,00
$GPFPD,-0001,220701.000,00,00,00,31.0256108,121.4426063,   17.211,    0.176,    1.142,   -0.187,00
$GPFPD,-0001,220702.000,00,00,00,31.0256058,121.4425872,   18.472,    0.245,    1.131,   -0.018,00
$GPFPD,-0001,220703.000,00,00,00,31.0256094,121.4425758,   18.622,    0.988,    0.357,   -0.328,00
$GPFPD,-0001,220704.000,00,00,00,31.0256105,121.4425524,   19.171,    1.172,    0.079,   -0.781,00
$GPFPD,-0001,220705.000,00,00,00,31.0255987,121.4425436,   18.951,    0.278,    1.488,   -0.080,00
$GPFPD,-0001,220706.000,00,00,00,31.0255883,121.4425404,   18.732,    0.169,    1.196,   -0.205,00
$GPFPD,-0001,220707.000,00,00,00,31.0255822,121.4425329,   19.075,    0.873,    0.341,   -0.077,00
$GPFPD,-0001,220708.000,00,00,00,31.0255822,121.4425157,   19.995,    0.675,    0.838,   -0.014,00
$GPFPD,-0001,220709.000,00,00,00,31.0255783,121.4425054,   20.371,    0.771,    0.823,   -0.151,00
$GPFPD,-0001,220710.000,00,00,00,31.0255891,121.4424848,   21.480,    0.678,    0.840,   -0.305,00
$GPFPD,-0001,220711.000,00,00,00,31.0255851,121.4424775,   22.612,    0.469,    1.127,    0.069,00
$GPFPD,-0001,220712.000,00,00,00,31.0255774,121.4424662,   23.009,    0.546,    0.949,   -0.019,00
$GPFPD,-0001,220713.000,00,00,00,31.0255783,121.4424616,   23.183,    0.541,    0.827,   -0.391,00
$GPFPD,-0001,220714.000,00,00,00,31.0255804,121.4424522,   23.601,    0.817,    0.919,   -0.268,00
$GPFPD,-0001,220715.000,00,00,00,31.0255847,121.4424430,   23.176,    0.557,    1.011,   -0.135,00
$GPFPD,-0001,220716.000,00,00,00,31.0255790,121.4424343,   24.229,    0.440,    1.290,    0.017,00
$GPFPD,-0001,220717.000,00,00,00,31.0255635,121.4424264,   24.235,    0.749,    1.004,   -0.502,00
$GPFPD,-0001,220718.000,00,00,00,31.0255572,121.4424209,   23.368,    0.978,    0.546,   -0.227,00
$GPFPD,-0001,220719.000,00,00,00,31.0255580,121.4424117,   22.451,    1.039,    0.452,   -0.462,00
$GPFPD,-0001,220720.000,00,00,00,31.0255548,121.4423976,   22.779,    0.833,    0.280,   -0.223,00
$GPFPD,-0001,220721.000,00,00,00,31.0255505,121.4423974,   22.064,    0.539,    1.079,    0.023,00
$GPFPD,-0001,220722.000,00,00,00,31.0255497,121.4423934,   22.989,    0.551,    0.966,   -0.089,00
$GPFPD,-0001,220723.000,00,00,00,31.0255420,121.4423722,   22.875,    1.013,    0.934,   -0.581,00
$GPFPD,-0001,220724.000,00,00,00,31.0255318,121.4423584,   23.340,    0.870,    0.534,   -0.347,00
$GPFPD,-0001,220725.000,00,00,00,31.0255339,121.4423509,   23.436,    0.860,    0.825,   -0.010,00
$GPFPD,-0001,220726.000,00,00,00,31.0255318,121.4423414,   24.192,    0.862,    0.916,   -0.207,00
$GPFPD,-0001,220727.000,00,00,00,31.0255275,121.4423233,   23.287,    0.679,    0.971,   -0.365,00
$GPFPD,-0001,220728.000,00,00,00,31.0255227,121.4423136,   22.512,    0.787,    0.741,   -0.278,00
$GPFPD,-0001,220729.000,00,00,00,31.0255183,121.4423008,   23.140,    0.649,    0.641,   -0.151,00
$GPFPD,-0001,220730.000,00,00,00,31.0255165,121.4422916,   23.615,    0.321,    1.152,   -0.136,00
$GPFPD,-0001,220731.000,00,00,00,31.0255123,121.4422854,   23.077,    0.308,    1.401,   -0.066,00
$GPFPD,-0001,220732.000,00,00,00,31.0255108,121.4422672,   23.970,    1.531,   -0.309,   -0.377,00
$GPFPD,-0001,220733.000,00,00,00,31.0255120,121.4422504,   22.340,    0.543,    0.509,    0.272,00
$GPFPD,-0001,220734.000,00,00,00,31.0255098,121.4422426,   23.138,    0.790,    0.532,   -0.150,00
$GPFPD,-0001,220735.000,00,00,00,31.0255121,121.4422266,   24.605,    0.798,    0.568,   -0.059,00
$GPFPD,-0001,220736.000,00,00,00,31.0255097,121.4422170,   24.046,    0.597,    0.740,   -0.151,00
$GPFPD,-0001,220737.000,00,00,00,31.0255145,121.4422011,   25.644,    0.924,    0.498,   -0.370,00
$GPFPD,-0001,220738.000,00,00,00,31.0255189,121.4421880,   25.885,    0.691,    0.899,   -0.417,00
$GPFPD,-0001,220739.000,00,00,00,31.0255144,121.4421642,   27.486,    0.609,    0.960,   -0.261,00
$GPFPD,-0001,220740.000,00,00,00,31.0255151,121.4421576,   27.536,    0.801,    0.765,   -0.381,00
$GPFPD,-0001,220741.000,00,00,00,31.0255198,121.4421442,   27.924,    0.694,    0.649,   -0.248,00
$GPFPD,-0001,220742.000,00,00,00,31.0255308,121.4421401,   28.031,    1.110,    0.478,   -0.436,00
$GPFPD,-0001,220743.000,00,00,00,31.0255374,121.4421240,   28.800,    0.984,    0.561,   -0.308,00
$GPFPD,-0001,220744.000,00,00,00,31.0255463,121.4421201,   29.142,    0.866,    0.451,   -0.325,00
$GPFPD,-0001,220745.000,00,00,00,31.0255489,121.4421109,   30.312,    0.810,    0.614,   -0.311,00
$GPFPD,-0001,220746.000,00,00,00,31.0255495,121.4420962,   32.313,    0.831,    0.945,   -0.515,00
$GPFPD,-0001,220747.000,00,00,00,31.0255438,121.4421026,   32.505,    0.420,    1.262,    0.021,00
$GPFPD,-0001,220748.000,00,00,00,31.0255426,121.4420976,   32.860,    0.355,    0.813,    0.254,00
$GPFPD,-0001,220749.000,00,00,00,31.0255409,121.4421014,   33.079,    0.887,    0.653,   -0.065,00
$GPFPD,-0001,220750.000,00,00,00,31.0255302,121.4420885,   32.864,    0.772,    0.996,   -0.370,00
$GPFPD,-0001,220751.000,00,00,00,31.0255161,121.4420810,   31.436,    0.837,    0.803,   -0.227,00
$GPFPD,-0001,220752.000,00,00,00,31.0255101,121.4420676,   30.870,    0.443,    0.935,    0.154,00
$GPFPD,-0001,220753.000,00,00,00,31.0255036,121.4420522,   31.002,    0.795,    0.607,   -0.045,00
$GPFPD,-0001,220754.000,00,00,00,31.0254929,121.4420386,   30.939,    0.673,    0.792,   -0.296,00
$GPFPD,-0001,220755.000,00,00,00,31.0254751,121.4420245,   30.528,    0.722,    0.821,   -0.279,00
$GPFPD,-0001,220756.000,00,00,00,31.0254660,121.4420113,   31.035,    0.638,    0.780,   -0.426,00
$GPFPD,-0001,220757.000,00,00,00,31.0254570,121.4419994,   29.990,    1.063,    0.594,   -0.441,00
$GPFPD,-0001,220758.000,00,00,00,31.0254376,121.4419780,   28.779,    1.284,    0.765,   -0.501,00
$GPFPD,-0001,220759.000,00,00,00,31.0254245,121.4419661,   28.083,    0.825,    1.003,   -0.154,00
$GPFPD,-0001,220760.000,00,00,00,31.0254274,121.4419472,   28.812,    0.229,    0.905,    0.519,00
$GPFPD,-0001,220761.000,00,00,00,31.0254236,121.4419385,   29.395,    0.722,    1.003,   -0.109,00
$GPFPD,-0001,220762.000,00,00,00,31.0254240,121.4419253,   28.622,    0.872,    0.724,   -0.393,00
$GPFPD,-0001,220763.000,00,00,00,31.0254164,121.4419123,   28.723,    0.894,    0.851,   -0.492,00
$GPFPD,-0001,220764.000,00,00,00,31.0254072,121.4419021,   27.196,    0.858,    0.983,   -0.484,00
$GPFPD,-0001,220765.000,00,00,00,31.0254005,121.4418969,   26.703,    0.731,    0.906,   -0.180,00
$GPFPD,-0001,220766.000,00,00,00,31.0253883,121.4418807,   26.782,    0.684,    0.998,   -0.102,00
$GPFPD,-0001,220767.000,00,00,00,31.0253803,121.4418698,   26.200,    0.995,    0.623,   -0.128,00
$GPFPD,-0001,220768.000,00,00,00,31.0253710,121.4418555,   26.060,    0.781,    1.053,   -0.179,00
$GPFPD,-0001,220769.000,00,00,00,31.0253668,121.4418296,   26.800,    0.966,    0.877,   -0.234,00
$GPFPD,-0001,220770.000,00,00,00,31.0253637,121.4418128,   26.670,    0.696,    1.373,   -0.393,00
$GPFPD,-0001,220771.000,00,00,00,31.0253671,121.4418084,   26.147,    0.742,    0.477,   -0.140,00
$GPFPD,-0001,220772.000,00,00,00,31.0253623,121.4417962,   25.085,    0.894,    0.586,   -0.145,00
$GPFPD,-0001,220773.000,00,00,00,31.0253605,121.4417805,   25.329,    0.543,    1.295,   -0.253,00
$GPFPD,-0001,220774.000,00,00,00,31.0253575,121.4417659,   25.926,    0.870,    0.804,   -0.401,00
$GPFPD,-0001,220775.000,00,00,00,31.0253480,121.4417545,   25.664,    0.532,    1.030,   -0.244,00
$GPFPD,-0001,220776.000,00,00,00,31.0253407,121.4417396,   26.119,    0.965,    0.791,   -0.350,00
$GPFPD,-0001,220777.000,00,00,00,31.0253374,121.4417210,   24.743,    0.968,    0.372,    0.088,00
$GPFPD,-0001,220778.000,00,00,00,31.0253315,121.4417045,   24.672,    1.004,    0.934,   -0.166,00
$GPFPD,-0001,220779.000,00,00,00,31.0253339,121.4416913,   23.902,    0.884,    0.834,   -0.271,00
$GPFPD,-0001,220780.000,00,00,00,31.0253281,121.4416662,   24.810,    0.774,    0.840,   -0.261,00
$GPFPD,-0001,220781.000,00,00,00,31.0253307,121.4416582,   24.781,    0.845,    0.803,   -0.122,00
$GPFPD,-0001,220782.000,00,00,00,31.0253266,121.4416434,   24.664,    0.918,    0.810,   -0.334,00
$GPFPD,-0001,220783.000,00,00,00,31.0253207,121.4416293,   23.417,    0.846,    1.022,   -0.340,00
$GPFPD,-0001,220784.000,00,00,00,31.0253250,121.4416215,   21.603,    0.924,    0.899,   -0.336,00
$GPFPD,-0001,220785.000,00,00,00,31.0253158,121.4416058,   21.093,    0.859,    0.879,   -0.279,00
$GPFPD,-0001,220786.000,00,00,00,31.0253031,121.4415899,   21.465,    0.760,    0.946,    0.008,00
$GPFPD,-0001,220787.000,00,00,00,31.0252978,121.4415792,   20.879,    0.986,    0.730,   -0.448,00
$GPFPD,-0001,220788.000,00,00,00,31.0253009,121.4415628,   21.216,    0.807,    1.155,   -0.384,00
$GPFPD,-0001,220789.000,00,00,00,31.0253152,121.4415534,   22.909,    0.685,    1.373,   -0.100,00
$GPFPD,-0001,220790.000,00,00,00,31.0253217,121.4415433,   22.289,    0.850,    0.612,   -0.188,00
$GPFPD,-0001,220791.000,00,00,00,31.0253315,121.4415294,   23.573,    0.788,    0.569,   -0.167,00
$GPFPD,-0001,220792.000,00,00,00,31.0253395,121.4415112,   25.285,    0.614,    0.767,   -0.157,00
$GPFPD,-0001,220793.000,00,00,00,31.0253447,121.4415041,   25.049,    0.428,    1.228,   -0.227,00
$GPFPD,-0001,220794.000,00,00,00,31.0253559,121.4414851,   26.140,    1.169,    0.345,   -0.506,00
$GPFPD,-0001,220795.000,00,00,00,31.0253670,121.4414675,   26.770,    0.812,    0.871,   -0.329,00
$GPFPD,-0001,220796.000,00,00,00,31.0253763,121.4414510,   26.936,    0.921,    0.625,   -0.479,00
$GPFPD,-0001,220797.000,00,00,00,31.0253881,121.4414330,   27.683,    1.272,    0.060,   -0.241,00
$GPFPD,-0001,220798.000,00,00,00,31.0253936,121.4414153,   28.731,    0.905,    0.683,    0.044,00
$GPFPD,-0001,220799.000,00,00,00,31.0253936,121.4414018,   28.369,    1.027,    0.547,   -0.197,00
$GPFPD,-0001,220800.000,00,00,00,31.0253946,121.4413997,   27.807,    0.626,    0.780,   -0.019,00
$GPFPD,-0001,220801.000,00,00,00,31.0253908,121.4413914,   28.816,    0.750,    0.637,   -0.272,00
$GPFPD,-0001,220802.000,00,00,00,31.0253792,121.4413930,   28.596,    0.711,    0.882,   -0.275,00
$GPFPD,-0001,220803.000,00,00,00,31.0253746,121.4413834,   28.674,    0.780,    0.853,   -0.467,00
$GPFPD,-0001,220804.000,00,00,00,31.0253783,121.4413716,   30.398,    0.810,    0.906,   -0.304,00
$GPFPD,-0001,220805.000,00,00,00,31.0253781,121.4413675,   31.681,    0.640,    0.828,    0.013,00
$GPFPD,-0001,220806.000,00,00,00,31.0253820,121.4413511,   32.954,    1.006,    0.488,   -0.316,00
$GPFPD,-0001,220807.000,00,00,00,31.0253796,121.4413456,   32.415,    0.942,    0.721,   -0.543,00
$GPFPD,-0001,220808.000,00,00,00,31.0253628,121.4413406,   31.534,    0.666,    1.031,   -0.295,00
$GPFPD,-0001,220809.000,00,00,00,31.0253505,121.4413274,   32.067,    0.752,    0.867,   -0.004,00
$GPFPD,-0001,220810.000,00,00,00,31.0253399,121.4413220,   31.147,    0.684,    0.902,   -0.101,00
$GPFPD,-0001,220811.000,00,00,00,31.0253275,121.4413185,   31.093,    0.127,    1.010,    0.282,00
$GPFPD,-0001,220812.000,00,00,00,31.0253079,121.4413080,   33.861,   -0.206,    1.730,    0.323,00
$GPFPD,-0001,220813.000,00,00,00,31.0252928,121.4413018,   33.622,    0.521,    1.138,   -0.288,00
$GPFPD,-0001,220814.000,00,00,00,31.0252770,121.4412899,   32.606,    1.068,    0.469,   -0.698,00
$GPFPD,-0001,220815.000,00,00,00,31.0252667,121.4412701,   30.385,    0.508,    1.005,   -0.070,00
$GPFPD,-0001,220816.000,00,00,00,31.0252512,121.4412532,   32.503,    0.103,    1.721,    0.409,00
$GPFPD,-0001,220817.000,00,00,00,31.0252360,121.4412455,   34.813,   -0.385,    2.365,    0.712,00
$GPFPD,-0001,220818.000,00,00,00,31.0252188,121.4412409,   35.903,   -0.168,    1.938,    0.269,00
$GPFPD,-0001,220819.000,00,00,00,31.0252058,121.4412174,   36.118,    1.505,    0.354,   -0.371,00
$GPFPD,-0001,220820.000,00,00,00,31.0252016,121.4412010,   33.658,    0.391,    0.786,    0.169,00
$GPFPD,-0001,220821.000,00,00,00,31.0251905,121.4411859,   34.235,    0.094,    1.278,    0.074,00
$GPFPD,-0001,220822.000,00,00,00,31.0251831,121.4411714,   32.627,    1.875,   -1.318,   -1.331,00
$GPFPD,-0001,220823.000,00,00,00,31.0251734,121.4411599,   30.252,    0.433,    1.599,   -0.177,00
$GPFPD,-0001,220824.000,00,00,00,31.0251633,121.4411382,   30.408,    0.686,    1.110,   -0.179,00
$GPFPD,-0001,220825.000,00,00,00,31.0251501,121.4411257,   29.526,    0.792,    0.914,   -0.180,00
$GPFPD,-0001,220826.000,00,00,00,31.0251422,121.4411125,   28.155,    1.017,    1.060,   -0.203,00
$GPFPD,-0001,220827.000,00,00,00,31.0251340,121.4410968,   27.944,    0.983,    0.831,   -0.341,00
$GPFPD,-0001,220828.000,00,00,00,31.0251254,121.4410850,   27.991,    0.387,    1.175,   -0.512,00
$GPFPD,-0001,220829.000,00,00,00,31.0251161,121.4410710,   28.621,    0.936,   -0.053,   -0.728,00
$GPFPD,-0001,220830.000,00,00,00,31.0251069,121.4410605,   27.933,    0.677,    1.028,   -0.338,00
$GPFPD,-0001,220831.000,00,00,00,31.0250988,121.4410444,   28.019,    0.918,    0.862,   -0.490,00
$GPFPD,-0001,220832.000,00,00,00,31.0250874,121.4410317,   26.874,    0.767,    0.998,   -0.226,00
$GPFPD,-0001,220833.000,00,00,00,31.0250802,121.4410147,   25.958,    0.861,    0.716,   -0.419,00
$GPFPD,-0001,220834.000,00,00,00,31.0250814,121.4409978,   25.832,    0.649,    1.011,   -0.052,00
$GPFPD,-0001,220835.000,00,00,00,31.0250721,121.4409787,   26.271,    0.992,    0.711,   -0.398,00
$GPFPD,-0001,220836.000,00,00,00,31.0250647,121.4409647,   25.544,    1.156,    0.635,   -0.381,00
$GPFPD,-0001,220837.000,00,00,00,31.0250598,121.4409511,   25.624,    0.603,    1.086,   -0.106,00
$GPFPD,-0001,220838.000,00,00,00,31.0250616,121.4409364,   24.495,    0.942,    0.752,   -0.227,00
$GPFPD,-0001,220839.000,00,00,00,31.0250597,121.4409184,   24.484,    0.730,    0.727,   -0.107,00
$GPFPD,-0001,220840.000,00,00,00,31.0250554,121.4409154,   23.735,    0.910,    0.772,   -0.385,00
$GPFPD,-0001,220841.000,00,00,00,31.0250468,121.4408970,   23.034,    0.928,    0.801,   -0.542,00
$GPFPD,-0001,220842.000,00,00,00,31.0250383,121.4408853,   21.086,    0.856,    1.133,   -0.300,00
$GPFPD,-0001,220843.000,00,00,00,31.0250332,121.4408695,   21.178,    0.568,    1.695,   -0.043,00
$GPFPD,-0001,220844.000,00,00,00,31.0250297,121.4408539,   21.063,    0.510,    1.396,   -0.174,00
$GPFPD,-0001,220845.000,00,00,00,31.0250272,121.4408401,   21.364,    0.971,    0.656,   -0.251,00
$GPFPD,-0001,220846.000,00,00,00,31.0250243,121.4408139,   21.213,    1.147,    0.830,   -0.218,00
$GPFPD,-0001,220847.000,00,00,00,31.0250229,121.4408027,   20.769,    1.025,    0.530,   -0.473,00
$GPFPD,-0001,220848.000,00,00,00,31.0250173,121.4407907,   21.205,    0.676,    1.133,   -0.019,00
$GPFPD,-0001,220849.000,00,00,00,31.0250149,121.4407782,   21.165,    1.468,   -0.472,   -0.726,00
$GPFPD,-0001,220850.000,00,00,00,31.0250093,121.4407658,   20.366,    0.133,    2.365,    0.238,00
$GPFPD,-0001,220851.000,00,00,00,31.0250049,121.4407521,   22.310,    0.638,    1.462,    0.098,00
$GPFPD,-0001,220852.000,00,00,00,31.0250009,121.4407335,   22.328,    1.189,    0.105,   -0.571,00
$GPFPD,-0001,220853.000,00,00,00,31.0249956,121.4407172,   22.470,    0.987,    0.236,   -0.683,00
$GPFPD,-0001,220854.000,00,00,00,31.0249887,121.4407028,   22.202,    1.108,    0.468,   -0.646,00
$GPFPD,-0001,220855.000,00,00,00,31.0249833,121.4406889,   22.439,    0.906,    1.341,   -0.227,00
$GPFPD,-0001,220856.000,00,00,00,31.0249760,121.4406775,   22.129,    0.852,    1.194,   -0.121,00
$GPFPD,-0001,220857.000,00,00,00,31.0249733,121.4406688,   21.321,    0.811,    0.759,   -0.339,00
$GPFPD,-0001,220858.000,00,00,00,31.0249720,121.4406706,   20.647,    0.655,    0.440,   -0.184,00
$GPFPD,-0001,220859.000,00,00,00,31.0249715,121.4406569,   20.088,    1.143,    0.507,   -0.365,00
$GPFPD,-0001,220860.000,00,00,00,31.0249702,121.4406435,   21.472,    0.843,    1.144,   -0.260,00
$GPFPD,-0001,220861.000,00,00,00,31.0249671,121.4406311,   21.834,    0.562,    1.350,   -0.267,00
$GPFPD,-0001,220862.000,00,00,00,31.0249610,121.4406223,   21.978,    0.453,    1.296,   -0.226,00
$GPFPD,-0001,220863.000,00,00,00,31.0249543,121.4406131,   21.694,    0.970,    0.754,   -0.472,00
$GPFPD,-0001,220864.000,00,00,00,31.0249442,121.4405996,   21.161,    1.052,    0.400,   -0.339,00
$GPFPD,-0001,220865.000,00,00,00,31.0249414,121.4405848,   21.357,    0.942,    0.519,   -0.275,00
$GPFPD,-0001,220866.000,00,00,00,31.0249368,121.4405816,   20.294,    0.609,    1.007,   -0.272,00
$GPFPD,-0001,220867.000,00,00,00,31.0249310,121.4405636,   21.682,    0.582,    0.956,   -0.176,00
$GPFPD,-0001,220868.000,00,00,00,31.0249306,121.4405546,   22.394,    0.601,    1.039,   -0.405,00
$GPFPD,-0001,220869.000,00,00,00,31.0249226,121.4405448,   21.474,    0.998,    0.468,   -0.821,00
$GPFPD,-0001,220870.000,00,00,00,31.0249179,121.4405319,   21.246,    0.372,    1.505,   -0.034,00
$GPFPD,-0001,220871.000,00,00,00,31.0249118,121.4405199,   22.622,    1.294,    0.368,   -0.441,00
$GPFPD,-0001,220872.000,00,00,00,31.0249074,121.4405022,   21.647,    1.672,   -0.251,   -0.820,00
$GPFPD,-0001,220873.000,00,00,00,31.0249063,121.4404950,   20.448,    1.107,    0.582,   -0.590,00
$GPFPD,-0001,220874.000,00,00,00,31.0248995,121.4404905,   20.036,    0.283,    1.796,   -0.016,00
$GPFPD,-0001,220875.000,00,00,00,31.0248943,121.4404792,   20.718,    0.716,    0.591,   -0.316,00
$GPFPD,-0001,220876.000,00,00,00,31.0248929,121.4404680,   20.962,    0.760,    0.046,   -0.390,00
$GPFPD,-0001,220877.000,00,00,00,31.0248881,121.4404590,   20.262,    0.844,    0.580,   -0.835,00
$GPFPD,-0001,220878.000,00,00,00,31.0248850,121.4404498,   19.542,    0.718,    0.989,   -0.036,00
$GPFPD,-0001,220879.000,00,00,00,31.0248808,121.4404292,   20.156,    0.954,    0.620,   -0.410,00
$GPFPD,-0001,220880.000,00,00,00,31.0248802,121.4404171,   22.111,    0.321,    1.661,    0.106,00
$GPFPD,-0001,220881.000,00,00,00,31.0248781,121.4404127,   21.123,    1.220,    0.059,   -0.215,00
$GPFPD,-0001,220882.000,00,00,00,31.0248763,121.4403922,   21.654,    1.441,    0.098,   -0.678,00
$GPFPD,-0001,220883.000,00,00,00,31.0248711,121.4403863,   22.581,    0.686,    0.745,    0.035,00
$GPFPD,-0001,220884.000,00,00,00,31.0248659,121.4403655,   23.896,    0.245,    2.088,    0.336,00
$GPFPD,-0001,220885.000,00,00,00,31.0248597,121.4403492,   25.125,    0.883,    0.851,   -0.194,00
$GPFPD,-0001,220886.000,00,00,00,31.0248586,121.4403341,   23.713,    0.838,    0.699,   -0.377,00
$GPFPD,-0001,220887.000,00,00,00,31.0248555,121.4403174,   24.245,    1.001,    0.459,   -0.364,00
$GPFPD,-0001,220888.000,00,00,00,31.0248520,121.4403058,   24.343,    1.107,    0.947,   -0.492,00
$GPFPD,-0001,220889.000,00,00,00,31.0248511,121.4402960,   22.826,    0.855,    0.954,   -0.285,00
$GPFPD,-0001,220890.000,00,00,00,31.0248453,121.4402827,   21.729,    0.942,    0.623,   -0.619,00
$GPFPD,-0001,220891.000,00,00,00,31.0248395,121.4402635,   22.973,    1.029,    0.540,   -0.261,00
$GPFPD,-0001,220892.000,00,00,00,31.0248390,121.4402469,   22.841,    1.179,    0.617,   -0.221,00
$GPFPD,-0001,220893.000,00,00,00,31.0248360,121.4402320,   22.028,    0.875,    0.919,   -0.195,00
$GPFPD,-0001,220894.000,00,00,00,31.0248256,121.4402175,   21.813,    0.607,    1.320,   -0.345,00
$GPFPD,-0001,220895.000,00,00,00,31.0248258,121.4402079,   21.063,    0.855,    0.220,   -0.656,00
$GPFPD,-0001,220896.000,00,00,00,31.0248193,121.4401928,   22.542,    0.612,    1.609,   -0.042,00
$GPFPD,-0001,220897.000,00,00,00,31.0248185,121.4401784,   24.114,    0.842,    0.729,   -0.184,00
$GPFPD,-0001,220898.000,00,00,00,31.0248161,121.4401653,   26.262,    0.205,    1.586,    0.262,00
$GPFPD,-0001,220899.000,00,00,00,31.0248126,121.4401565,   25.460,    0.670,    0.925,   -0.125,00
$GPFPD,-0001,220900.000,00,00,00,31.0248211,121.4401476,   25.915,    0.915,    0.820,   -0.209,00
$GPFPD,-0001,220901.000,00,00,00,31.0248201,121.4401342,   23.609,    1.417,    0.101,   -0.787,00
$GPFPD,-0001,220902.000,00,00,00,31.0248308,121.4401204,   24.683,    0.074,    2.325,    0.666,00
$GPFPD,-0001,220903.000,00,00,00,31.0248436,121.4401032,   26.730,    0.748,    0.947,   -0.202,00
$GPFPD,-0001,220904.000,00,00,00,31.0248417,121.4400940,   25.945,    0.746,    0.920,   -0.317,00
$GPFPD,-0001,220905.000,00,00,00,31.0248405,121.4400920,   26.960,    0.520,    0.571,   -0.222,00
$GPFPD,-0001,220906.000,00,00,00,31.0248390,121.4400849,   26.140,    0.577,    0.918,   -0.085,00
$GPFPD,-0001,220907.000,00,00,00,31.0248364,121.4400717,   27.061,    0.728,    0.827,   -0.025,00
$GPFPD,-0001,220908.000,00,00,00,31.0248433,121.4400632,   27.419,    0.779,    0.686,   -0.352,00
$GPFPD,-0001,220909.000,00,00,00,31.0248378,121.4400516,   27.516,    0.845,    0.857,   -0.537,00
$GPFPD,-0001,220910.000,00,00,00,31.0248356,121.4400375,   27.673,    0.686,    1.598,   -0.128,00
$GPFPD,-0001,220911.000,00,00,00,31.0248398,121.4400173,   30.571,    0.993,    0.935,   -0.144,00
$GPFPD,-0001,220912.000,00,00,00,31.0248379,121.4400046,   30.365,    1.058,    0.160,   -0.706,00
$GPFPD,-0001,220913.000,00,00,00,31.0248298,121.4399934,   29.583,    1.151,    0.428,   -0.374,00
$GPFPD,-0001,220914.000,00,00,00,31.0248213,121.4399792,   29.268,    0.868,    0.630,   -0.505,00
$GPFPD,-0001,220915.000,00,00,00,31.0248197,121.4399710,   28.838,    0.592,    0.754,   -0.008,00
$GPFPD,-0001,220916.000,00,00,00,31.0248195,121.4399628,   28.905,    0.809,    0.632,   -0.247,00
$GPFPD,-0001,220917.000,00,00,00,31.0248128,121.4399506,   29.273,    0.557,    1.372,   -0.108,00
$GPFPD,-0001,220918.000,00,00,00,31.0248131,121.4399381,   29.885,    0.940,    0.621,   -0.467,00
$GPFPD,-0001,220919.000,00,00,00,31.0248163,121.4399188,   31.525,    0.871,    0.783,   -0.222,00
$GPFPD,-0001,220920.000,00,00,00,31.0248140,121.4399068,   31.156,    0.867,    1.094,   -0.300,00
$GPFPD,-0001,220921.000,00,00,00,31.0248150,121.4398934,   32.654,    0.806,    0.857,   -0.279,00
$GPFPD,-0001,220922.000,00,00,00,31.0248273,121.4398899,   33.502,    0.565,    0.834,   -0.117,00
$GPFPD,-0001,220923.000,00,00,00,31.0248200,121.4398857,   33.476,    0.781,    0.821,   -0.265,00
$GPFPD,-0001,220924.000,00,00,00,31.0248050,121.4398769,   32.822,    0.620,    0.894,   -0.393,00
$GPFPD,-0001,220925.000,00,00,00,31.0248021,121.4398604,   32.927,    1.526,   -0.204,   -0.998,00
$GPFPD,-0001,220926.000,00,00,00,31.0247904,121.4398443,   32.779,    0.556,    0.935,   -0.035,00
$GPFPD,-0001,220927.000,00,00,00,31.0247805,121.4398344,   31.861,    0.396,    1.316,    0.139,00
$GPFPD,-0001,220928.000,00,00,00,31.0247690,121.4398149,   32.398,    0.976,    1.140,   -0.547,00
$GPFPD,-0001,220929.000,00,00,00,31.0247595,121.4397991,   32.973,    1.076,    0.676,   -0.451,00
$GPFPD,-0001,220930.000,00,00,00,31.0247544,121.4397909,   31.923,    0.759,    1.094,   -0.201,00
$GPFPD,-0001,220931.000,00,00,00,31.0247476,121.4397810,   32.220,    0.822,    0.730,   -0.315,00
$GPFPD,-0001,220932.000,00,00,00,31.0247416,121.4397677,   31.721,    0.726,    0.994,   -0.463,00
$GPFPD,-0001,220933.000,00,00,00,31.0247370,121.4397551,   31.878,    0.542,    1.190,    0.147,00
$GPFPD,-0001,220934.000,00,00,00,31.0247330,121.4397412,   30.844,    1.221,    0.129,   -0.698,00
$GPFPD,-0001,220935.000,00,00,00,31.0247201,121.4397338,   28.576,    1.600,   -0.591,   -0.970,00
$GPFPD,-0001,220936.000,00,00,00,31.0247181,121.4397233,   26.930,    1.328,    0.162,   -0.837,00
$GPFPD,-0001,220937.000,00,00,00,31.0247095,121.4397160,   25.789,    0.838,    0.458,   -0.378,00
$GPFPD,-0001,220938.000,00,00,00,31.0247065,121.4397017,   27.907,   -0.335,    2.520,    0.851,00
$GPFPD,-0001,220939.000,00,00,00,31.0246987,121.4396900,   29.127,    0.218,    1.386,    0.169,00
$GPFPD,-0001,220940.000,00,00,00,31.0246971,121.4396736,   28.877,    1.347,    0.102,   -0.984,00
$GPFPD,-0001,220941.000,00,00,00,31.0246880,121.4396593,   28.616,    0.243,    1.787,   -0.124,00
$GPFPD,-0001,220942.000,00,00,00,31.0246744,121.4396496,   28.825,   -0.015,    2.170,    0.112,00
$GPFPD,-0001,220943.000,00,00,00,31.0246712,121.4396331,   29.877,    0.487,    0.759,   -0.039,00
$GPFPD,-0001,220944.000,00,00,00,31.0246690,121.4396229,   29.809,    0.898,    0.370,   -0.390,00
$GPFPD,-0001,220945.000,00,00,00,31.0246628,121.4396067,   28.977,    1.481,   -0.380,   -0.713,00
$GPFPD,-0001,220946.000,00,00,00,31.0246648,121.4395999,   27.532,    0.584,    0.864,    0.278,00
$GPFPD,-0001,220947.000,00,00,00,31.0246571,121.4395875,   26.600,    0.805,    0.575,   -0.287,00
$GPFPD,-0001,220948.000,00,00,00,31.0246530,121.4395638,   27.634,    0.992,    0.576,   -0.536,00
$GPFPD,-0001,220949.000,00,00,00,31.0246538,121.4395420,   27.494,    1.149,    0.201,   -0.483,00
$GPFPD,-0001,220950.000,00,00,00,31.0246534,121.4395292,   28.602,   -0.083,    2.067,    0.210,00
$GPFPD,-0001,220951.000,00,00,00,31.0246477,121.4395152,   28.908,    1.052,    0.437,   -0.657,00
$GPFPD,-0001,220952.000,00,00,00,31.0246378,121.4395125,   28.385,    0.487,    1.300,    0.089,00
$GPFPD,-0001,220953.000,00,00,00,31.0246324,121.4394956,   28.727,    1.056,    0.807,   -0.364,00
$GPFPD,-0001,220954.000,00,00,00,31.0246224,121.4394824,   26.957,    1.674,   -0.302,   -0.774,00
$GPFPD,-0001,220955.000,00,00,00,31.0246222,121.4394642,   26.433,    0.971,    0.821,   -0.265,00
$GPFPD,-0001,220956.000,00,00,00,31.0246134,121.4394559,   26.189,    0.657,    0.901,   -0.330,00
$GPFPD,-0001,220957.000,00,00,00,31.0246113,121.4394404,   26.453,    1.219,    0.527,   -0.733,00
$GPFPD,-0001,220958.000,00,00,00,31.0246067,121.4394290,   26.770,    0.390,    1.075,    0.102,00
$GPFPD,-0001,220959.000,00,00,00,31.0246033,121.4394196,   27.648,    0.763,    0.444,   -0.445,00
$GPFPD,-0001,220960.000,00,00,00,31.0245955,121.4394072,   28.483,    0.060,    1.725,    0.122,00
$GPFPD,-0001,220961.000,00,00,00,31.0245927,121.4393897,   28.367,    0.762,    0.300,   -0.440,00
$GPFPD,-0001,220962.000,00,00,00,31.0245918,121.4393874,   26.620,    1.137,    0.151,   -0.055,00
$GPFPD,-0001,220963.000,00,00,00,31.0245819,121.4393700,   26.135,    1.080,    0.834,   -0.260,00
$GPFPD,-0001,220964.000,00,00,00,31.0245711,121.4393449,   26.417,    0.909,    0.845,   -0.351,00
$GPFPD,-0001,220965.000,00,00,00,31.0245627,121.4393399,   25.907,    0.351,    1.085,    0.118,00
$GPFPD,-0001,220966.000,00,00,00,31.0245532,121.4393307,   26.144,    0.668,    0.759,   -0.166,00
$GPFPD,-0001,220967.000,00,00,00,31.0245594,121.4393184,   26.022,    0.719,    1.180,   -0.010,00
$GPFPD,-0001,220968.000,00,00,00,31.0245540,121.4393021,   25.913,    0.649,    1.232,   -0.179,00
$GPFPD,-0001,220969.000,00,00,00,31.0245502,121.4392902,   26.471,    0.081,    2.217,    0.156,00
$GPFPD,-0001,220970.000,00,00,00,31.0245503,121.4392752,   28.001,    0.850,    0.840,   -0.394,00
$GPFPD,-0001,220971.000,00,00,00,31.0245445,121.4392572,   29.207,    0.499,    1.515,    0.439,00
$GPFPD,-0001,220972.000,00,00,00,31.0245383,121.4392472,   29.922,    0.653,    1.186,   -0.346,00
$GPFPD,-0001,220973.000,00,00,00,31.0245370,121.4392388,   29.822,    0.944,    0.848,   -0.302,00
$GPFPD,-0001,220974.000,00,00,00,31.0245392,121.4392278,   29.833,    1.095,    0.007,   -0.597,00
$GPFPD,-0001,220975.000,00,00,00,31.0245401,121.4392156,   28.993,    0.685,    0.775,   -0.246,00
$GPFPD,-0001,220976.000,00,00,00,31.0245404,121.4391960,   29.483,    1.121,    0.574,   -0.113,00
$GPFPD,-0001,220977.000,00,00,00,31.0245383,121.4391907,   29.492,    0.710,    1.284,   -0.272,00
$GPFPD,-0001,220978.000,00,00,00,31.0245357,121.4391798,   29.331,    0.421,    1.409,   -0.028,00
$GPFPD,-0001,220979.000,00,00,00,31.0245344,121.4391657,   29.402,    0.762,    0.198,   -0.310,00
$GPFPD,-0001,220980.000,00,00,00,31.0245342,121.4391495,   27.316,    2.117,   -1.677,   -1.369,00
$GPFPD,-0001,220981.000,00,00,00,31.0245297,121.4391338,   24.926,    1.155,    0.243,   -0.318,00
$GPFPD,-0001,220982.000,00,00,00,31.0245354,121.4391198,   23.865,    1.489,    0.205,   -0.569,00
$GPFPD,-0001,220983.000,00,00,00,31.0245310,121.4391018,   24.492,    0.925,    1.493,   -0.314,00
$GPFPD,-0001,220984.000,00,00,00,31.0245218,121.4390887,   23.359,    1.119,   -0.508,   -0.845,00
$GPFPD,-0001,220985.000,00,00,00,31.0245166,121.4390750,   22.442,    0.776,    0.611,   -0.124,00
$GPFPD,-0001,220986.000,00,00,00,31.0245111,121.4390607,   24.323,    0.216,    1.825,    0.153,00
$GPFPD,-0001,220987.000,00,00,00,31.0244988,121.4390495,   24.107,    0.575,    1.677,   -0.456,00
$GPFPD,-0001,220988.000,00,00,00,31.0244844,121.4390366,   23.703,    1.228,   -0.234,   -0.631,00
$GPFPD,-0001,220989.000,00,00,00,31.0244747,121.4390356,   21.468,    1.100,    0.095,   -0.356,00
$GPFPD,-0001,220990.000,00,00,00,31.0244724,121.4390294,   20.716,   -0.122,    1.950,    0.355,00
$GPFPD,-0001,220991.000,00,00,00,31.0244617,121.4390177,   22.350,    0.456,    1.409,   -0.017,00
$GPFPD,-0001,220992.000,00,00,00,31.0244552,121.4390053,   21.694,    1.202,    0.189,   -0.294,00
$GPFPD,-0001,220993.000,00,00,00,31.0244585,121.4389853,   20.550,    0.755,    0.950,   -0.398,00
$GPFPD,-0001,220994.000,00,00,00,31.0244509,121.4389738,   20.421,    0.468,    0.999,   -0.350,00
$GPFPD,-0001,220995.000,00,00,00,31.0244448,121.4389679,   19.883,    0.444,    1.254,   -0.308,00
$GPFPD,-0001,220996.000,00,00,00,31.0244389,121.4389515,   21.079,    0.660,    1.029,   -0.127,00
$GPFPD,-0001,220997.000,00,00,00,31.0244366,121.4389357,   21.462,    0.846,    1.031,   -0.133,00
$GPFPD,-0001,220998.000,00,00,00,31.0244378,121.4389248,   22.034,    1.020,    0.704,   -0.363,00
$GPFPD,-0001,220999.000,00,00,00,31.0244359,121.4389094,   21.914,    0.946,    0.727,   -0.276,00
$GPFPD,-0001,221000.000,00,00,00,31.0244333,121.4389031,   21.953,    0.392,    1.621,   -0.025,00
$GPFPD,-0001,221001.000,00,00,00,31.0244323,121.4388826,   24.402,    0.734,    0.798,   -0.202,00
$GPFPD,-0001,221002.000,00,00,00,31.0244241,121.4388795,   22.784,    1.489,   -0.251,   -0.880,00
$GPFPD,-0001,221003.000,00,00,00,31.0244216,121.4388641,   22.908,    0.706,    0.791,   -0.433,00
$GPFPD,-0001,221004.000,00,00,00,31.0244178,121.4388583,   20.883,    0.865,    0.719,   -0.328,00
$GPFPD,-0001,221005.000,00,00,00,31.0244158,121.4388433,   19.806,    0.873,    1.010,   -0.165,00
$GPFPD,-0001,221006.000,00,00,00,31.0244068,121.4388314,   20.455,    0.181,    2.208,    0.390,00
$GPFPD,-0001,221007.000,00,00,00,31.0243971,121.4388163,   20.919,    0.383,    1.689,   -0.133,00
$GPFPD,-0001,221008.000,00,00,00,31.0243957,121.4388176,   20.680,    0.635,    1.073,   -0.236,00
$GPFPD,-0001,221009.000,00,00,00,31.0243901,121.4388033,   21.387,    0.069,    1.425,    0.114,00
$GPFPD,-0001,221010.000,00,00,00,31.0243857,121.4387880,   22.814,    1.049,    0.282,   -0.620,00
$GPFPD,-0001,221011.000,00,00,00,31.0243816,121.4387806,   24.893,    0.092,    1.144,    0.105,00
$GPFPD,-0001,221012.000,00,00,00,31.0243750,121.4387833,   25.815,   -0.015,    0.968,   -0.091,00
$GPFPD,-0001,221013.000,00,00,00,31.0243652,121.4387930,   26.942,   -0.492,    2.087,    0.082,00
$GPFPD,-0001,221014.000,00,00,00,31.0243546,121.4387836,   29.648,   -0.248,    1.777,    0.029,00
$GPFPD,-0001,221015.000,00,00,00,31.0243490,121.4387767,   31.017,    0.326,    0.878,   -0.032,00
$GPFPD,-0001,221016.000,00,00,00,31.0243430,121.4387725,   32.214,    0.278,    0.568,   -0.143,00
$GPFPD,-0001,221017.000,00,00,00,31.0243327,121.4387652,   34.985,   -0.379,    1.570,    0.008,00
$GPFPD,-0001,221018.000,00,00,00,31.0243172,121.4387680,   36.743,   -0.241,    1.561,    0.008,00
$GPFPD,-0001,221019.000,00,00,00,31.0243085,121.4387663,   38.975,   -0.341,    1.701,    0.038,00
$GPFPD,-0001,221020.000,00,00,00,31.0242958,121.4387516,   39.844,    0.317,    0.617,   -0.481,00
$GPFPD,-0001,221021.000,00,00,00,31.0242830,121.4387339,   38.677,    0.646,    1.057,   -0.390,00
$GPFPD,-0001,221022.000,00,00,00,31.0242747,121.4387111,   38.780,    0.369,    1.140,   -0.112,00
$GPFPD,-0001,221023.000,00,00,00,31.0242755,121.4386968,   37.358,    0.419,    1.453,   -0.212,00
$GPFPD,-0001,221024.000,00,00,00,31.0242663,121.4386781,   37.118,    0.150,    1.585,   -0.146,00
$GPFPD,-0001,221025.000,00,00,00,31.0242630,121.4386704,   35.637,    0.820,    0.758,   -0.880,00
$GPFPD,-0001,221026.000,00,00,00,31.0242587,121.4386515,   35.868,    0.614,    1.135,   -0.392,00
$GPFPD,-0001,221027.000,00,00,00,31.0242547,121.4386266,   35.444,    0.710,    0.938,   -0.362,00
$GPFPD,-0001,221028.000,00,00,00,31.0242539,121.4386151,   34.374,    0.931,    0.814,   -0.608,00
$GPFPD,-0001,221029.000,00,00,00,31.0242522,121.4385861,   34.130,    0.720,    0.972,   -0.257,00
$GPFPD,-0001,221030.000,00,00,00,31.0242437,121.4385650,   33.378,    0.866,    0.832,   -0.329,00
$GPFPD,-0001,221031.000,00,00,00,31.0242459,121.4385423,   34.047,    0.913,    1.119,   -0.493,00
$GPFPD,-0001,221032.000,00,00,00,31.0242388,121.4385195,   33.881,    0.941,    0.891,   -0.480,00
$GPFPD,-0001,221033.000,00,00,00,31.0242411,121.4385102,   33.214,    1.094,   -0.020,   -0.389,00
$GPFPD,-0001,221034.000,00,00,00,31.0242389,121.4384969,   33.467,    0.307,    1.821,    0.137,00
$GPFPD,-0001,221035.000,00,00,00,31.0242283,121.4384810,   31.643,    1.342,    0.436,   -0.709,00
$GPFPD,-0001,221036.000,00,00,00,31.0242341,121.4384656,   30.852,    1.091,    0.686,   -0.294,00
$GPFPD,-0001,221037.000,00,00,00,31.0242392,121.4384580,   29.558,    1.132,    0.368,   -0.374,00
$GPFPD,-0001,221038.000,00,00,00,31.0242351,121.4384408,   29.632,    0.687,    1.576,   -0.176,00
$GPFPD,-0001,221039.000,00,00,00,31.0242316,121.4384303,   29.522,    0.726,    0.961,   -0.159,00
$GPFPD,-0001,221040.000,00,00,00,31.0242357,121.4384160,   30.397,    0.858,    0.560,   -0.593,00
$GPFPD,-0001,221041.000,00,00,00,31.0242420,121.4384012,   30.268,    1.291,    0.328,   -0.733,00
$GPFPD,-0001,221042.000,00,00,00,31.0242551,121.4383898,   33.311,   -0.556,    2.681,    0.562,00
$GPFPD,-0001,221043.000,00,00,00,31.0242676,121.4383696,   36.248,    0.692,    1.281,   -0.370,00
$GPFPD,-0001,221044.000,00,00,00,31.0242627,121.4383588,   36.578,    0.362,    1.649,   -0.381,00
$GPFPD,-0001,221045.000,00,00,00,31.0242523,121.4383461,   36.386,    0.990,    0.890,   -0.573,00
$GPFPD,-0001,221046.000,00,00,00,31.0242488,121.4383309,   35.884,    0.876,    0.717,   -0.330,00
$GPFPD,-0001,221047.000,00,00,00,31.0242461,121.4383226,   36.133,    0.534,    0.994,   -0.251,00
$GPFPD,-0001,221048.000,00,00,00,31.0242328,121.4383212,   34.924,    0.537,    0.922,   -0.320,00
$GPFPD,-0001,221049.000,00,00,00,31.0242278,121.4383061,   34.988,    1.514,   -0.305,   -0.570,00
$GPFPD,-0001,221050.000,00,00,00,31.0242200,121.4383048,   32.291,    1.363,    0.199,   -0.646,00
$GPFPD,-0001,221051.000,00,00,00,31.0242109,121.4382872,   32.173,    0.455,    1.378,   -0.509,00
$GPFPD,-0001,221052.000,00,00,00,31.0241924,121.4382763,   31.248,    0.929,    0.417,   -0.317,00
$GPFPD,-0001,221053.000,00,00,00,31.0241905,121.4382627,   31.097,    0.581,    0.691,   -0.058,00
$GPFPD,-0001,221054.000,00,00,00,31.0241838,121.4382481,   31.108,    1.040,    0.992,   -0.225,00
$GPFPD,-0001,221055.000,00,00,00,31.0241784,121.4382316,   31.016,    1.053,    0.531,   -0.282,00
$GPFPD,-0001,221056.000,00,00,00,31.0241729,121.4382228,   30.178,    0.602,    0.962,   -0.166,00
$GPFPD,-0001,221057.000,00,00,00,31.0241739,121.4382145,   31.185,    0.597,    1.214,   -0.367,00
$GPFPD,-0001,221058.000,00,00,00,31.0241631,121.4382082,   30.554,    1.200,    0.149,   -0.399,00
$GPFPD,-0001,221059.000,00,00,00,31.0241559,121.4381954,   29.588,    0.576,    1.534,   -0.379,00
$GPFPD,-0001,221060.000,00,00,00,31.0241472,121.4381879,   29.265,    0.807,    0.831,   -0.328,00
$GPFPD,-0001,221061.000,00,00,00,31.0241429,121.4381717,   29.439,    1.217,    0.510,   -0.534,00
$GPFPD,-0001,221062.000,00,00,00,31.0241380,121.4381644,   28.625,    0.680,    1.084,   -0.313,00
$GPFPD,-0001,221063.000,00,00,00,31.0241287,121.4381505,   28.638,    0.996,    0.900,   -0.453,00
$GPFPD,-0001,221064.000,00,00,00,31.0241295,121.4381292,   26.976,    1.819,   -0.464,   -0.427,00
$GPFPD,-0001,221065.000,00,00,00,31.0241366,121.4381122,   27.510,    0.351,    1.026,   -0.197,00
$GPFPD,-0001,221066.000,00,00,00,31.0241323,121.4381097,   27.748,    0.164,    1.706,   -0.421,00
$GPFPD,-0001,221067.000,00,00,00,31.0241315,121.4380835,   28.017,    1.741,   -0.345,   -0.736,00
$GPFPD,-0001,221068.000,00,00,00,31.0241329,121.4380728,   25.957,    1.572,   -0.125,   -0.386,00
$GPFPD,-0001,221069.000,00,00,00,31.0241342,121.4380629,   25.153,    0.811,    0.924,   -0.258,00
$GPFPD,-0001,221070.000,00,00,00,31.0241339,121.4380404,   26.335,    0.896,    0.951,   -0.524,00
$GPFPD,-0001,221071.000,00,00,00,31.0241244,121.4380218,   27.743,    0.608,    1.267,   -0.086,00
$GPFPD,-0001,221072.000,00,00,00,31.0241208,121.4380109,   27.519,    0.475,    1.446,   -0.292,00
$GPFPD,-0001,221073.000,00,00,00,31.0241178,121.4380024,   25.897,    0.801,    0.690,   -0.474,00
$GPFPD,-0001,221074.000,00,00,00,31.0241075,121.4379925,   26.629,    0.784,    0.845,   -0.230,00
$GPFPD,-0001,221075.000,00,00,00,31.0240919,121.4379922,   25.240,    1.244,    0.210,   -0.574,00
$GPFPD,-0001,221076.000,00,00,00,31.0240885,121.4379664,   24.925,    0.743,    0.791,   -0.559,00
$GPFPD,-0001,221077.000,00,00,00,31.0240790,121.4379642,   25.751,    0.168,    1.655,    0.086,00
$GPFPD,-0001,221078.000,00,00,00,31.0240811,121.4379404,   26.816,    1.195,    0.340,   -0.469,00
$GPFPD,-0001,221079.000,00,00,00,31.0240819,121.4379196,   26.685,    1.743,   -0.526,   -0.353,00
$GPFPD,-0001,221080.000,00,00,00,31.0240877,121.4379123,   26.436,    0.090,    0.948,   -0.504,00
$GPFPD,-0001,221081.000,00,00,00,31.0240822,121.4379029,   25.745,    1.253,    0.231,   -0.348,00
$GPFPD,-0001,221082.000,00,00,00,31.0240779,121.4378822,   25.674,    0.874,    0.678,   -0.331,00
$GPFPD,-0001,221083.000,00,00,00,31.0240798,121.4378750,   24.298,    0.950,    0.648,   -0.438,00
$GPFPD,-0001,221084.000,00,00,00,31.0240818,121.4378511,   24.852,    0.793,    0.485,   -0.235,00
$GPFPD,-0001,221085.000,00,00,00,31.0240868,121.4378426,   24.012,    0.641,    0.636,   -0.418,00
$GPFPD,-0001,221086.000,00,00,00,31.0240827,121.4378297,   23.001,    1.438,   -0.137,   -0.770,00
$GPFPD,-0001,221087.000,00,00,00,31.0240797,121.4378152,   22.666,    0.438,    1.537,   -0.236,00
$GPFPD,-0001,221088.000,00,00,00,31.0240726,121.4377943,   23.361,    0.846,    1.048,   -0.229,00
$GPFPD,-0001,221089.000,00,00,00,31.0240563,121.4377948,   22.560,    0.987,    0.536,   -0.161,00
$GPFPD,-0001,221090.000,00,00,00,31.0240624,121.4377913,   20.267,    1.959,   -0.575,   -0.549,00
$GPFPD,-0001,221091.000,00,00,00,31.0240488,121.4377859,   19.433,    1.057,    0.893,   -0.222,00
$GPFPD,-0001,221092.000,00,00,00,31.0240409,121.4377731,   21.103,    0.164,    1.534,   -0.415,00
$GPFPD,-0001,221093.000,00,00,00,31.0240365,121.4377602,   20.843,    0.476,    1.185,   -0.139,00
$GPFPD,-0001,221094.000,00,00,00,31.0240336,121.4377425,   22.379,    0.533,    1.427,   -0.254,00
$GPFPD,-0001,221095.000,00,00,00,31.0240322,121.4377304,   21.402,    1.022,    0.579,   -0.276,00
$GPFPD,-0001,221096.000,00,00,00,31.0240354,121.4377100,   22.143,    0.928,    0.890,   -0.212,00
$GPFPD,-0001,221097.000,00,00,00,31.0240393,121.4376920,   21.938,    0.412,    0.978,   -0.218,00
$GPFPD,-0001,221098.000,00,00,00,31.0240379,121.4376715,   22.184,    0.575,    1.233,   -0.546,00
$GPFPD,-0001,221099.000,00,00,00,31.0240334,121.4376597,   22.087,    1.234,    0.626,   -0.248,00
$GPFPD,-0001,221100.000,00,00,00,31.0240311,121.4376337,   21.642,    1.076,   -0.072,   -0.440,00
$GPFPD,-0001,221101.000,00,00,00,31.0240372,121.4376107,   21.949,    0.439,    1.306,   -0.271,00
$GPFPD,-0001,221102.000,00,00,00,31.0240335,121.4376025,   21.749,    0.375,    1.441,   -0.224,00
$GPFPD,-0001,221103.000,00,00,00,31.0240303,121.4375922,   21.872,    0.941,    0.681,   -0.321,00
$GPFPD,-0001,221104.000,00,00,00,31.0240233,121.4375817,   21.682,    0.832,    0.502,   -0.225,00
$GPFPD,-0001,221105.000,00,00,00,31.0240176,121.4375731,   21.501,    0.759,    0.863,   -0.472,00
$GPFPD,-0001,221106.000,00,00,00,31.0240170,121.4375652,   22.016,    0.801,    0.719,   -0.178,00
$GPFPD,-0001,221107.000,00,00,00,31.0240133,121.4375639,   21.863,    1.094,    0.674,   -0.541,00
$GPFPD,-0001,221108.000,00,00,00,31.0240057,121.4375533,   21.085,    0.906,    0.823,   -0.282,00
$GPFPD,-0001,221109.000,00,00,00,31.0240008,121.4375444,   20.763,    0.737,    1.046,   -0.106,00
$GPFPD,-0001,221110.000,00,00,00,31.0239964,121.4375316,   19.828,    0.901,    0.813,   -0.150,00
$GPFPD,-0001,221111.000,00,00,00,31.0239915,121.4375149,   19.764,    0.704,    1.486,   -0.264,00
$GPFPD,-0001,221112.000,00,00,00,31.0239830,121.4374979,   19.074,    0.691,    0.768,   -0.108,00
$GPFPD,-0001,221113.000,00,00,00,31.0239809,121.4374909,   20.164,    0.669,    0.795,   -0.144,00
$GPFPD,-0001,221114.000,00,00,00,31.0239705,121.4374874,   19.265,    0.713,    1.079,   -0.277,00
$GPFPD,-0001,221115.000,00,00,00,31.0239684,121.4374660,   20.805,    0.864,    0.848,   -0.461,00
$GPFPD,-0001,221116.000,00,00,00,31.0239705,121.4374471,   21.938,    0.997,    0.936,   -0.417,00
$GPFPD,-0001,221117.000,00,00,00,31.0239685,121.4374437,   22.127,    0.632,    0.739,   -0.314,00
$GPFPD,-0001,221118.000,00,00,00,31.0239707,121.4374349,   21.540,    1.149,   -0.076,   -0.598,00
$GPFPD,-0001,221119.000,00,00,00,31.0239752,121.4374278,   20.475,    0.585,    1.036,   -0.216,00
$GPFPD,-0001,221120.000,00,00,00,31.0239673,121.4374151,   21.958,   -0.168,    2.401,    0.398,00
$GPFPD,-0001,221121.000,00,00,00,31.0239651,121.4374057,   22.966,    0.646,    0.797,   -0.176,00
$GPFPD,-0001,221122.000,00,00,00,31.0239597,121.4373958,   23.160,    0.863,    0.529,   -0.285,00
$GPFPD,-0001,221123.000,00,00,00,31.0239562,121.4373861,   22.772,    0.983,    0.751,   -0.193,00
$GPFPD,-0001,221124.000,00,00,00,31.0239460,121.4373784,   22.578,    0.609,    0.984,   -0.401,00
$GPFPD,-0001,221125.000,00,00,00,31.0239377,121.4373669,   22.234,    0.493,    1.077,   -0.201,00
$GPFPD,-0001,221126.000,00,00,00,31.0239328,121.4373544,   22.833,    0.790,    1.007,   -0.250,00
$GPFPD,-0001,221127.000,00,00,00,31.0239186,121.4373455,   21.506,    0.853,    0.829,   -0.258,00
$GPFPD,-0001,221128.000,00,00,00,31.0239102,121.4373259,   22.128,    0.575,    1.251,   -0.271,00
$GPFPD,-0001,221129.000,00,00,00,31.0239018,121.4373158,   21.952,    0.905,    0.531,   -0.425,00
$GPFPD,-0001,221130.000,00,00,00,31.0238878,121.4372962,   22.744,    1.066,    0.670,   -0.429,00
$GPFPD,-0001,221131.000,00,00,00,31.0238821,121.4372918,   22.712,    1.122,    0.067,   -0.588,00
